(0,0),(1,0) is smallest animal with 1 tilings

(0,0),(1,0),(0,1),(1,1) is smallest animal with 2 tilings

(0,0),(1,0),(2,0),(0,1),(1,1),(2,1) is smallest animal with 3 tilings

(0,0),(1,0),(2,0),(3,0),(0,1),(1,1),(2,1),(3,1) is smallest animal with 5 tilings

(0,0),(1,0),(2,0),(0,1),(1,1),(2,1),(0,2),(1,2) is smallest animal with 4 tilings

(0,0),(1,0),(2,0),(3,0),(4,0),(0,1),(1,1),(2,1),(3,1),(4,1) is smallest animal with 8 tilings

(0,0),(1,0),(2,0),(3,0),(0,1),(1,1),(2,1),(3,1),(0,2),(1,2) is smallest animal with 7 tilings

(0,0),(1,0),(2,0),(3,0),(0,1),(1,1),(2,1),(3,1),(1,2),(2,2) is smallest animal with 6 tilings

(0,0),(1,0),(2,0),(3,0),(4,0),(5,0),(0,1),(1,1),(2,1),(3,1),(4,1),(5,1) is smallest animal with 13 tilings

(0,0),(1,0),(2,0),(3,0),(4,0),(0,1),(1,1),(2,1),(3,1),(4,1),(0,2),(1,2) is smallest animal with 11 tilings

(0,0),(1,0),(2,0),(3,0),(4,0),(0,1),(1,1),(2,1),(3,1),(4,1),(1,2),(2,2) is smallest animal with 10 tilings

(0,0),(1,0),(2,0),(3,0),(0,1),(1,1),(2,1),(3,1),(0,2),(1,2),(0,3),(1,3) is smallest animal with 12 tilings

(0,0),(1,0),(2,0),(3,0),(0,1),(1,1),(2,1),(3,1),(4,1),(2,2),(3,2),(4,2) is smallest animal with 9 tilings

(0,0),(1,0),(2,0),(3,0),(4,0),(0,1),(1,1),(2,1),(3,1),(4,1),(1,2),(2,2),(1,-1),(2,-1) is smallest animal with 14 tilings

(0,0),(1,0),(2,0),(3,0),(4,0),(5,0),(6,0),(0,1),(1,1),(2,1),(3,1),(4,1),(5,1),(6,1) is smallest animal with 21 tilings

(0,0),(1,0),(2,0),(3,0),(4,0),(5,0),(0,1),(1,1),(2,1),(3,1),(4,1),(5,1),(0,2),(1,2) is smallest animal with 18 tilings

(0,0),(1,0),(2,0),(3,0),(4,0),(5,0),(0,1),(1,1),(2,1),(3,1),(4,1),(5,1),(1,2),(2,2) is smallest animal with 16 tilings

(0,0),(1,0),(2,0),(3,0),(4,0),(5,0),(0,1),(1,1),(2,1),(3,1),(4,1),(5,1),(2,2),(3,2) is smallest animal with 17 tilings

(0,0),(1,0),(2,0),(3,0),(4,0),(0,1),(1,1),(2,1),(3,1),(4,1),(0,2),(1,2),(2,2),(3,2) is smallest animal with 15 tilings

(0,0),(1,0),(2,0),(3,0),(4,0),(0,1),(1,1),(2,1),(3,1),(4,1),(0,2),(1,2),(0,3),(1,3) is smallest animal with 19 tilings

(0,0),(1,0),(2,0),(3,0),(4,0),(5,0),(0,1),(1,1),(2,1),(3,1),(4,1),(5,1),(1,2),(2,2),(1,-1),(2,-1) is smallest animal with 22 tilings

(0,0),(1,0),(2,0),(3,0),(4,0),(5,0),(0,1),(1,1),(2,1),(3,1),(4,1),(5,1),(2,2),(3,2),(1,-1),(2,-1) is smallest animal with 20 tilings

(0,0),(1,0),(2,0),(3,0),(4,0),(0,1),(1,1),(2,1),(3,1),(4,1),(1,2),(2,2),(1,3),(2,3),(1,-1),(2,-1) is smallest animal with 24 tilings

(0,0),(1,0),(2,0),(3,0),(0,1),(1,1),(2,1),(3,1),(1,2),(2,2),(1,3),(2,3),(1,-2),(2,-2),(1,-1),(2,-1) is smallest animal with 25 tilings

(0,0),(1,0),(2,0),(3,0),(4,0),(5,0),(6,0),(7,0),(0,1),(1,1),(2,1),(3,1),(4,1),(5,1),(6,1),(7,1) is smallest animal with 34 tilings

(0,0),(1,0),(2,0),(3,0),(4,0),(5,0),(6,0),(0,1),(1,1),(2,1),(3,1),(4,1),(5,1),(6,1),(0,2),(1,2) is smallest animal with 29 tilings

(0,0),(1,0),(2,0),(3,0),(4,0),(5,0),(6,0),(0,1),(1,1),(2,1),(3,1),(4,1),(5,1),(6,1),(1,2),(2,2) is smallest animal with 26 tilings

(0,0),(1,0),(2,0),(3,0),(4,0),(5,0),(6,0),(0,1),(1,1),(2,1),(3,1),(4,1),(5,1),(6,1),(2,2),(3,2) is smallest animal with 27 tilings

(0,0),(1,0),(2,0),(3,0),(4,0),(5,0),(0,1),(1,1),(2,1),(3,1),(4,1),(5,1),(0,2),(1,2),(0,3),(1,3) is smallest animal with 31 tilings

(0,0),(1,0),(2,0),(3,0),(4,0),(5,0),(0,1),(1,1),(2,1),(3,1),(4,1),(5,1),(2,2),(3,2),(2,3),(3,3) is smallest animal with 30 tilings

(0,0),(1,0),(2,0),(3,0),(4,0),(5,0),(0,1),(1,1),(2,1),(3,1),(4,1),(5,1),(6,1),(4,2),(5,2),(6,2) is smallest animal with 23 tilings

(0,0),(1,0),(2,0),(3,0),(4,0),(0,1),(1,1),(2,1),(3,1),(4,1),(1,2),(2,2),(3,2),(1,3),(2,3),(3,3) is smallest animal with 28 tilings

(0,0),(1,0),(2,0),(3,0),(0,1),(1,1),(2,1),(3,1),(0,2),(1,2),(2,2),(3,2),(0,3),(1,3),(2,3),(3,3) is smallest animal with 36 tilings

(0,0),(1,0),(2,0),(3,0),(4,0),(5,0),(6,0),(0,1),(1,1),(2,1),(3,1),(4,1),(5,1),(6,1),(2,2),(3,2),(1,-1),(2,-1) is smallest animal with 32 tilings

(0,0),(1,0),(2,0),(3,0),(4,0),(5,0),(0,1),(1,1),(2,1),(3,1),(4,1),(5,1),(1,2),(2,2),(1,3),(2,3),(1,-1),(2,-1) is smallest animal with 38 tilings

(0,0),(1,0),(2,0),(3,0),(4,0),(0,1),(1,1),(2,1),(3,1),(4,1),(1,2),(2,2),(1,3),(2,3),(1,-2),(2,-2),(1,-1),(2,-1) is smallest animal with 42 tilings

(0,0),(1,0),(2,0),(3,0),(4,0),(0,1),(1,1),(2,1),(3,1),(4,1),(2,2),(3,2),(2,3),(3,3),(1,-2),(2,-2),(1,-1),(2,-1) is smallest animal with 40 tilings

(0,0),(1,0),(2,0),(3,0),(4,0),(0,1),(1,1),(2,1),(1,2),(2,2),(1,3),(2,3),(1,-2),(2,-2),(1,-1),(2,-1),(3,-1),(4,-1) is smallest animal with 37 tilings

(0,0),(1,0),(2,0),(3,0),(0,1),(1,1),(2,1),(3,1),(1,2),(2,2),(1,3),(2,3),(1,4),(2,4),(1,-2),(2,-2),(1,-1),(2,-1) is smallest animal with 39 tilings

(0,0),(1,0),(2,0),(0,1),(1,1),(2,1),(3,1),(1,2),(2,2),(3,2),(1,3),(2,3),(1,4),(2,4),(1,-2),(2,-2),(1,-1),(2,-1) is smallest animal with 33 tilings

(0,0),(1,0),(2,0),(3,0),(4,0),(5,0),(6,0),(7,0),(8,0),(0,1),(1,1),(2,1),(3,1),(4,1),(5,1),(6,1),(7,1),(8,1) is smallest animal with 55 tilings

(0,0),(1,0),(2,0),(3,0),(4,0),(5,0),(6,0),(7,0),(0,1),(1,1),(2,1),(3,1),(4,1),(5,1),(6,1),(7,1),(0,2),(1,2) is smallest animal with 47 tilings

(0,0),(1,0),(2,0),(3,0),(4,0),(5,0),(6,0),(7,0),(0,1),(1,1),(2,1),(3,1),(4,1),(5,1),(6,1),(7,1),(2,2),(3,2) is smallest animal with 44 tilings

(0,0),(1,0),(2,0),(3,0),(4,0),(5,0),(6,0),(7,0),(0,1),(1,1),(2,1),(3,1),(4,1),(5,1),(6,1),(7,1),(3,2),(4,2) is smallest animal with 43 tilings

(0,0),(1,0),(2,0),(3,0),(4,0),(5,0),(6,0),(0,1),(1,1),(2,1),(3,1),(4,1),(5,1),(6,1),(0,2),(1,2),(2,2),(3,2) is smallest animal with 41 tilings

(0,0),(1,0),(2,0),(3,0),(4,0),(5,0),(6,0),(0,1),(1,1),(2,1),(3,1),(4,1),(5,1),(6,1),(0,2),(1,2),(0,3),(1,3) is smallest animal with 50 tilings

(0,0),(1,0),(2,0),(3,0),(4,0),(5,0),(6,0),(0,1),(1,1),(2,1),(3,1),(4,1),(5,1),(6,1),(2,2),(3,2),(2,3),(3,3) is smallest animal with 48 tilings

(0,0),(1,0),(2,0),(3,0),(4,0),(5,0),(0,1),(1,1),(2,1),(3,1),(4,1),(5,1),(0,2),(1,2),(0,3),(1,3),(0,4),(1,4) is smallest animal with 49 tilings

(0,0),(1,0),(2,0),(3,0),(4,0),(5,0),(0,1),(1,1),(2,1),(3,1),(4,1),(5,1),(1,2),(2,2),(3,2),(1,3),(2,3),(3,3) is smallest animal with 46 tilings

(0,0),(1,0),(2,0),(3,0),(4,0),(5,0),(0,1),(1,1),(2,1),(3,1),(4,1),(5,1),(1,2),(2,2),(1,3),(2,3),(1,4),(2,4) is smallest animal with 45 tilings

(0,0),(1,0),(2,0),(3,0),(4,0),(5,0),(0,1),(1,1),(2,1),(3,1),(4,1),(5,1),(6,1),(2,2),(3,2),(4,2),(5,2),(6,2) is smallest animal with 35 tilings

(0,0),(1,0),(2,0),(3,0),(4,0),(0,1),(1,1),(2,1),(3,1),(4,1),(0,2),(1,2),(2,2),(3,2),(0,3),(1,3),(2,3),(3,3) is smallest animal with 54 tilings

(0,0),(1,0),(2,0),(3,0),(4,0),(5,0),(6,0),(0,1),(1,1),(2,1),(3,1),(4,1),(5,1),(6,1),(1,2),(2,2),(1,-1),(2,-1),(3,-1),(4,-1) is smallest animal with 52 tilings

(0,0),(1,0),(2,0),(3,0),(4,0),(5,0),(0,1),(1,1),(2,1),(3,1),(4,1),(5,1),(1,2),(2,2),(1,3),(2,3),(1,-1),(2,-1),(3,-1),(4,-1) is smallest animal with 51 tilings

(0,0),(1,0),(2,0),(3,0),(4,0),(5,0),(0,1),(1,1),(2,1),(3,1),(4,1),(3,2),(4,2),(1,-2),(2,-2),(1,-1),(2,-1),(3,-1),(4,-1),(5,-1) is smallest animal with 57 tilings

(0,0),(1,0),(2,0),(3,0),(4,0),(5,0),(0,1),(1,1),(2,1),(3,1),(4,1),(5,1),(1,2),(2,2),(1,-2),(2,-2),(3,-2),(1,-1),(2,-1),(3,-1) is smallest animal with 58 tilings

(0,0),(1,0),(2,0),(3,0),(4,0),(5,0),(0,1),(1,1),(2,1),(3,1),(4,1),(5,1),(2,2),(3,2),(1,-2),(2,-2),(3,-2),(1,-1),(2,-1),(3,-1) is smallest animal with 62 tilings

(0,0),(1,0),(2,0),(3,0),(4,0),(5,0),(0,1),(1,1),(2,1),(3,1),(4,1),(5,1),(3,2),(4,2),(1,-2),(2,-2),(3,-2),(1,-1),(2,-1),(3,-1) is smallest animal with 56 tilings

(0,0),(1,0),(2,0),(3,0),(4,0),(0,1),(1,1),(2,1),(3,1),(4,1),(1,2),(2,2),(1,3),(2,3),(1,-2),(2,-2),(3,-2),(1,-1),(2,-1),(3,-1) is smallest animal with 64 tilings

(0,0),(1,0),(2,0),(3,0),(4,0),(5,0),(6,0),(0,1),(1,1),(2,1),(3,1),(4,1),(5,1),(6,1),(3,2),(4,2),(3,3),(4,3),(1,-1),(2,-1) is smallest animal with 60 tilings

(0,0),(1,0),(2,0),(3,0),(4,0),(5,0),(0,1),(1,1),(2,1),(3,1),(4,1),(5,1),(1,2),(2,2),(1,3),(2,3),(1,-2),(2,-2),(1,-1),(2,-1) is smallest animal with 67 tilings

(0,0),(1,0),(2,0),(3,0),(4,0),(5,0),(0,1),(1,1),(2,1),(3,1),(4,1),(5,1),(2,2),(3,2),(2,3),(3,3),(1,-2),(2,-2),(1,-1),(2,-1) is smallest animal with 66 tilings

(0,0),(1,0),(2,0),(3,0),(4,0),(5,0),(0,1),(1,1),(2,1),(3,1),(4,1),(5,1),(3,2),(4,2),(3,3),(4,3),(1,-2),(2,-2),(1,-1),(2,-1) is smallest animal with 65 tilings

(0,0),(1,0),(2,0),(3,0),(4,0),(0,1),(1,1),(2,1),(1,2),(2,2),(1,3),(2,3),(1,4),(2,4),(1,-2),(2,-2),(1,-1),(2,-1),(3,-1),(4,-1) is smallest animal with 59 tilings

(0,0),(1,0),(2,0),(3,0),(0,1),(1,1),(2,1),(3,1),(1,2),(2,2),(1,3),(2,3),(1,4),(2,4),(1,-3),(2,-3),(1,-2),(2,-2),(1,-1),(2,-1) is smallest animal with 61 tilings

(0,0),(1,0),(2,0),(0,1),(1,1),(2,1),(3,1),(1,2),(2,2),(3,2),(1,3),(2,3),(1,4),(2,4),(1,5),(2,5),(1,-2),(2,-2),(1,-1),(2,-1) is smallest animal with 53 tilings

(0,0),(1,0),(2,0),(3,0),(4,0),(5,0),(0,1),(1,1),(2,1),(3,1),(4,1),(5,1),(2,2),(3,2),(2,3),(3,3),(2,-2),(3,-2),(2,-1),(3,-1) is smallest animal with 72 tilings

(0,0),(1,0),(2,0),(3,0),(4,0),(5,0),(6,0),(7,0),(8,0),(9,0),(0,1),(1,1),(2,1),(3,1),(4,1),(5,1),(6,1),(7,1),(8,1),(9,1) is smallest animal with 89 tilings

(0,0),(1,0),(2,0),(3,0),(4,0),(5,0),(6,0),(7,0),(8,0),(0,1),(1,1),(2,1),(3,1),(4,1),(5,1),(6,1),(7,1),(8,1),(0,2),(1,2) is smallest animal with 76 tilings

(0,0),(1,0),(2,0),(3,0),(4,0),(5,0),(6,0),(7,0),(8,0),(0,1),(1,1),(2,1),(3,1),(4,1),(5,1),(6,1),(7,1),(8,1),(1,2),(2,2) is smallest animal with 68 tilings

(0,0),(1,0),(2,0),(3,0),(4,0),(5,0),(6,0),(7,0),(8,0),(0,1),(1,1),(2,1),(3,1),(4,1),(5,1),(6,1),(7,1),(8,1),(2,2),(3,2) is smallest animal with 71 tilings

(0,0),(1,0),(2,0),(3,0),(4,0),(5,0),(6,0),(7,0),(8,0),(0,1),(1,1),(2,1),(3,1),(4,1),(5,1),(6,1),(7,1),(8,1),(3,2),(4,2) is smallest animal with 70 tilings

(0,0),(1,0),(2,0),(3,0),(4,0),(5,0),(6,0),(7,0),(0,1),(1,1),(2,1),(3,1),(4,1),(5,1),(6,1),(7,1),(0,2),(1,2),(0,3),(1,3) is smallest animal with 81 tilings

(0,0),(1,0),(2,0),(3,0),(4,0),(5,0),(6,0),(7,0),(0,1),(1,1),(2,1),(3,1),(4,1),(5,1),(6,1),(7,1),(2,2),(3,2),(2,3),(3,3) is smallest animal with 78 tilings

(0,0),(1,0),(2,0),(3,0),(4,0),(5,0),(6,0),(7,0),(0,1),(1,1),(2,1),(3,1),(4,1),(5,1),(6,1),(7,1),(3,2),(4,2),(3,3),(4,3) is smallest animal with 77 tilings

(0,0),(1,0),(2,0),(3,0),(4,0),(5,0),(6,0),(0,1),(1,1),(2,1),(3,1),(4,1),(5,1),(6,1),(0,2),(1,2),(5,2),(6,2),(0,3),(1,3) is smallest animal with 69 tilings

(0,0),(1,0),(2,0),(3,0),(4,0),(5,0),(6,0),(0,1),(1,1),(2,1),(3,1),(4,1),(5,1),(6,1),(0,2),(1,2),(0,3),(1,3),(0,4),(1,4) is smallest animal with 79 tilings

(0,0),(1,0),(2,0),(3,0),(4,0),(5,0),(6,0),(0,1),(1,1),(2,1),(3,1),(4,1),(5,1),(6,1),(1,2),(2,2),(3,2),(4,2),(1,3),(2,3) is smallest animal with 63 tilings

(0,0),(1,0),(2,0),(3,0),(4,0),(5,0),(6,0),(0,1),(1,1),(2,1),(3,1),(4,1),(5,1),(6,1),(1,2),(2,2),(3,2),(1,3),(2,3),(3,3) is smallest animal with 74 tilings

(0,0),(1,0),(2,0),(3,0),(4,0),(5,0),(6,0),(0,1),(1,1),(2,1),(3,1),(4,1),(5,1),(6,1),(1,2),(2,2),(1,3),(2,3),(1,4),(2,4) is smallest animal with 73 tilings

(0,0),(1,0),(2,0),(3,0),(4,0),(5,0),(6,0),(0,1),(1,1),(2,1),(3,1),(4,1),(5,1),(6,1),(2,2),(3,2),(4,2),(2,3),(3,3),(4,3) is smallest animal with 75 tilings

(0,0),(1,0),(2,0),(3,0),(4,0),(5,0),(0,1),(1,1),(2,1),(3,1),(4,1),(5,1),(0,2),(1,2),(2,2),(3,2),(0,3),(1,3),(2,3),(3,3) is smallest animal with 90 tilings

(0,0),(1,0),(2,0),(3,0),(4,0),(5,0),(0,1),(1,1),(2,1),(3,1),(4,1),(5,1),(0,2),(1,2),(0,3),(1,3),(0,4),(1,4),(0,5),(1,5) is smallest animal with 80 tilings

(0,0),(1,0),(2,0),(3,0),(4,0),(5,0),(0,1),(1,1),(2,1),(3,1),(4,1),(5,1),(1,2),(2,2),(3,2),(4,2),(1,3),(2,3),(3,3),(4,3) is smallest animal with 83 tilings

(0,0),(1,0),(2,0),(3,0),(4,0),(0,1),(1,1),(2,1),(3,1),(4,1),(0,2),(1,2),(2,2),(3,2),(4,2),(0,3),(1,3),(2,3),(3,3),(4,3) is smallest animal with 95 tilings

(0,0),(1,0),(2,0),(3,0),(4,0),(0,1),(1,1),(2,1),(3,1),(4,1),(1,2),(2,2),(3,2),(4,2),(5,2),(1,3),(2,3),(3,3),(4,3),(5,3) is smallest animal with 82 tilings

(0,0),(1,0),(2,0),(3,0),(4,0),(5,0),(6,0),(7,0),(0,1),(1,1),(2,1),(3,1),(4,1),(5,1),(6,1),(7,1),(3,2),(4,2),(1,-1),(2,-1),(3,-1),(4,-1) is smallest animal with 84 tilings

(0,0),(1,0),(2,0),(3,0),(4,0),(5,0),(6,0),(0,1),(1,1),(2,1),(3,1),(4,1),(5,1),(6,1),(1,2),(2,2),(3,2),(4,2),(1,-1),(2,-1),(3,-1),(4,-1) is smallest animal with 92 tilings

(0,0),(1,0),(2,0),(3,0),(4,0),(5,0),(6,0),(0,1),(1,1),(2,1),(3,1),(4,1),(5,1),(6,1),(1,2),(2,2),(1,3),(2,3),(1,-1),(2,-1),(3,-1),(4,-1) is smallest animal with 88 tilings

(0,0),(1,0),(2,0),(3,0),(4,0),(5,0),(6,0),(0,1),(1,1),(2,1),(3,1),(4,1),(5,1),(6,1),(3,2),(4,2),(1,-2),(2,-2),(1,-1),(2,-1),(3,-1),(4,-1) is smallest animal with 93 tilings

(0,0),(1,0),(2,0),(3,0),(4,0),(5,0),(6,0),(0,1),(1,1),(2,1),(3,1),(4,1),(3,2),(4,2),(1,-2),(2,-2),(1,-1),(2,-1),(3,-1),(4,-1),(5,-1),(6,-1) is smallest animal with 98 tilings

(0,0),(1,0),(2,0),(3,0),(4,0),(5,0),(0,1),(1,1),(2,1),(3,1),(4,1),(5,1),(1,2),(2,2),(1,3),(2,3),(1,-2),(2,-2),(1,-1),(2,-1),(3,-1),(4,-1) is smallest animal with 87 tilings

(0,0),(1,0),(2,0),(3,0),(4,0),(5,0),(0,1),(1,1),(2,1),(3,1),(4,1),(5,1),(1,2),(2,2),(1,-2),(2,-2),(3,-2),(4,-2),(1,-1),(2,-1),(3,-1),(4,-1) is smallest animal with 108 tilings

(0,0),(1,0),(2,0),(3,0),(4,0),(5,0),(0,1),(1,1),(2,1),(3,1),(4,1),(5,1),(2,2),(3,2),(1,-2),(2,-2),(3,-2),(4,-2),(1,-1),(2,-1),(3,-1),(4,-1) is smallest animal with 107 tilings

(0,0),(1,0),(2,0),(3,0),(4,0),(5,0),(0,1),(1,1),(2,1),(3,1),(4,1),(3,2),(4,2),(3,3),(4,3),(1,-2),(2,-2),(1,-1),(2,-1),(3,-1),(4,-1),(5,-1) is smallest animal with 91 tilings

(0,0),(1,0),(2,0),(3,0),(4,0),(5,0),(6,0),(0,1),(1,1),(2,1),(3,1),(4,1),(5,1),(6,1),(1,2),(2,2),(1,-2),(2,-2),(3,-2),(1,-1),(2,-1),(3,-1) is smallest animal with 94 tilings

(0,0),(1,0),(2,0),(3,0),(4,0),(5,0),(0,1),(1,1),(2,1),(3,1),(4,1),(5,1),(1,2),(2,2),(1,3),(2,3),(1,-2),(2,-2),(3,-2),(1,-1),(2,-1),(3,-1) is smallest animal with 104 tilings

(0,0),(1,0),(2,0),(3,0),(4,0),(5,0),(0,1),(1,1),(2,1),(3,1),(4,1),(5,1),(3,2),(4,2),(3,3),(4,3),(1,-2),(2,-2),(3,-2),(1,-1),(2,-1),(3,-1) is smallest animal with 102 tilings

(0,0),(1,0),(2,0),(3,0),(4,0),(5,0),(6,0),(0,1),(1,1),(2,1),(3,1),(2,2),(3,2),(1,-2),(2,-2),(3,-2),(1,-1),(2,-1),(3,-1),(4,-1),(5,-1),(6,-1) is smallest animal with 86 tilings

(0,0),(1,0),(2,0),(3,0),(4,0),(0,1),(1,1),(2,1),(3,1),(4,1),(1,2),(2,2),(3,2),(1,3),(2,3),(3,3),(1,-2),(2,-2),(3,-2),(1,-1),(2,-1),(3,-1) is smallest animal with 100 tilings

(0,0),(1,0),(2,0),(3,0),(4,0),(5,0),(6,0),(7,0),(0,1),(1,1),(2,1),(3,1),(4,1),(5,1),(6,1),(7,1),(3,2),(4,2),(3,3),(4,3),(1,-1),(2,-1) is smallest animal with 96 tilings

(0,0),(1,0),(2,0),(3,0),(4,0),(5,0),(6,0),(0,1),(1,1),(2,1),(3,1),(4,1),(5,1),(6,1),(1,2),(2,2),(1,3),(2,3),(1,-2),(2,-2),(1,-1),(2,-1) is smallest animal with 109 tilings

(0,0),(1,0),(2,0),(3,0),(4,0),(5,0),(6,0),(0,1),(1,1),(2,1),(3,1),(4,1),(5,1),(6,1),(2,2),(3,2),(2,3),(3,3),(1,-2),(2,-2),(1,-1),(2,-1) is smallest animal with 106 tilings

(0,0),(1,0),(2,0),(3,0),(4,0),(5,0),(6,0),(0,1),(1,1),(2,1),(3,1),(4,1),(5,1),(6,1),(4,2),(5,2),(4,3),(5,3),(1,-2),(2,-2),(1,-1),(2,-1) is smallest animal with 105 tilings

(0,0),(1,0),(2,0),(3,0),(4,0),(5,0),(0,1),(1,1),(2,1),(3,1),(4,1),(5,1),(2,2),(3,2),(2,3),(3,3),(2,4),(3,4),(1,-2),(2,-2),(1,-1),(2,-1) is smallest animal with 103 tilings

(0,0),(1,0),(2,0),(3,0),(4,0),(5,0),(0,1),(1,1),(2,1),(3,1),(4,1),(5,1),(3,2),(4,2),(3,3),(4,3),(3,4),(4,4),(1,-2),(2,-2),(1,-1),(2,-1) is smallest animal with 101 tilings

(0,0),(1,0),(2,0),(3,0),(4,0),(0,1),(1,1),(2,1),(3,1),(4,1),(1,2),(2,2),(3,2),(4,2),(1,3),(2,3),(1,4),(2,4),(1,-2),(2,-2),(1,-1),(2,-1) is smallest animal with 99 tilings

(0,0),(1,0),(2,0),(0,1),(1,1),(2,1),(3,1),(4,1),(1,2),(2,2),(3,2),(4,2),(1,3),(2,3),(1,4),(2,4),(1,5),(2,5),(1,-2),(2,-2),(1,-1),(2,-1) is smallest animal with 97 tilings

(0,0),(1,0),(2,0),(0,1),(1,1),(2,1),(3,1),(1,2),(2,2),(3,2),(1,3),(2,3),(1,4),(2,4),(1,5),(2,5),(1,-3),(2,-3),(1,-2),(2,-2),(1,-1),(2,-1) is smallest animal with 85 tilings

(0,0),(1,0),(2,0),(3,0),(4,0),(5,0),(6,0),(0,1),(1,1),(2,1),(3,1),(4,1),(5,1),(6,1),(2,2),(3,2),(2,3),(3,3),(2,-2),(3,-2),(2,-1),(3,-1) is smallest animal with 114 tilings

(0,0),(1,0),(2,0),(3,0),(4,0),(5,0),(6,0),(7,0),(8,0),(9,0),(10,0),(0,1),(1,1),(2,1),(3,1),(4,1),(5,1),(6,1),(7,1),(8,1),(9,1),(10,1) is smallest animal with 144 tilings

(0,0),(1,0),(2,0),(3,0),(4,0),(5,0),(6,0),(7,0),(8,0),(9,0),(0,1),(1,1),(2,1),(3,1),(4,1),(5,1),(6,1),(7,1),(8,1),(9,1),(0,2),(1,2) is smallest animal with 123 tilings

(0,0),(1,0),(2,0),(3,0),(4,0),(5,0),(6,0),(7,0),(8,0),(9,0),(0,1),(1,1),(2,1),(3,1),(4,1),(5,1),(6,1),(7,1),(8,1),(9,1),(1,2),(2,2) is smallest animal with 110 tilings

(0,0),(1,0),(2,0),(3,0),(4,0),(5,0),(6,0),(7,0),(8,0),(9,0),(0,1),(1,1),(2,1),(3,1),(4,1),(5,1),(6,1),(7,1),(8,1),(9,1),(2,2),(3,2) is smallest animal with 115 tilings

(0,0),(1,0),(2,0),(3,0),(4,0),(5,0),(6,0),(7,0),(8,0),(9,0),(0,1),(1,1),(2,1),(3,1),(4,1),(5,1),(6,1),(7,1),(8,1),(9,1),(3,2),(4,2) is smallest animal with 113 tilings

(0,0),(1,0),(2,0),(3,0),(4,0),(5,0),(6,0),(7,0),(8,0),(0,1),(1,1),(2,1),(3,1),(4,1),(5,1),(6,1),(7,1),(8,1),(0,2),(1,2),(0,3),(1,3) is smallest animal with 131 tilings

(0,0),(1,0),(2,0),(3,0),(4,0),(5,0),(6,0),(7,0),(8,0),(0,1),(1,1),(2,1),(3,1),(4,1),(5,1),(6,1),(7,1),(8,1),(2,2),(3,2),(2,3),(3,3) is smallest animal with 126 tilings

(0,0),(1,0),(2,0),(3,0),(4,0),(5,0),(6,0),(7,0),(8,0),(0,1),(1,1),(2,1),(3,1),(4,1),(5,1),(6,1),(7,1),(8,1),(3,2),(4,2),(3,3),(4,3) is smallest animal with 125 tilings

(0,0),(1,0),(2,0),(3,0),(4,0),(5,0),(6,0),(7,0),(0,1),(1,1),(2,1),(3,1),(4,1),(5,1),(6,1),(7,1),(0,2),(1,2),(2,2),(3,2),(0,3),(1,3) is smallest animal with 111 tilings

(0,0),(1,0),(2,0),(3,0),(4,0),(5,0),(6,0),(7,0),(0,1),(1,1),(2,1),(3,1),(4,1),(5,1),(6,1),(7,1),(0,2),(1,2),(6,2),(7,2),(0,3),(1,3) is smallest animal with 112 tilings

(0,0),(1,0),(2,0),(3,0),(4,0),(5,0),(6,0),(7,0),(0,1),(1,1),(2,1),(3,1),(4,1),(5,1),(6,1),(7,1),(0,2),(1,2),(0,3),(1,3),(0,4),(1,4) is smallest animal with 128 tilings

(0,0),(1,0),(2,0),(3,0),(4,0),(5,0),(6,0),(7,0),(0,1),(1,1),(2,1),(3,1),(4,1),(5,1),(6,1),(7,1),(1,2),(2,2),(3,2),(1,3),(2,3),(3,3) is smallest animal with 120 tilings

(0,0),(1,0),(2,0),(3,0),(4,0),(5,0),(6,0),(7,0),(0,1),(1,1),(2,1),(3,1),(4,1),(5,1),(6,1),(7,1),(1,2),(2,2),(1,3),(2,3),(1,4),(2,4) is smallest animal with 118 tilings

(0,0),(1,0),(2,0),(3,0),(4,0),(5,0),(6,0),(7,0),(0,1),(1,1),(2,1),(3,1),(4,1),(5,1),(6,1),(7,1),(2,2),(3,2),(4,2),(2,3),(3,3),(4,3) is smallest animal with 121 tilings

(0,0),(1,0),(2,0),(3,0),(4,0),(5,0),(6,0),(7,0),(0,1),(1,1),(2,1),(3,1),(4,1),(5,1),(6,1),(7,1),(2,2),(3,2),(2,3),(3,3),(2,4),(3,4) is smallest animal with 122 tilings

(0,0),(1,0),(2,0),(3,0),(4,0),(5,0),(6,0),(0,1),(1,1),(2,1),(3,1),(4,1),(5,1),(6,1),(0,2),(1,2),(5,2),(6,2),(0,3),(1,3),(5,3),(6,3) is smallest animal with 119 tilings

(0,0),(1,0),(2,0),(3,0),(4,0),(5,0),(6,0),(0,1),(1,1),(2,1),(3,1),(4,1),(5,1),(6,1),(0,2),(1,2),(0,3),(1,3),(0,4),(1,4),(0,5),(1,5) is smallest animal with 129 tilings

(0,0),(1,0),(2,0),(3,0),(4,0),(5,0),(6,0),(0,1),(1,1),(2,1),(3,1),(4,1),(5,1),(6,1),(1,2),(2,2),(3,2),(4,2),(1,3),(2,3),(3,3),(4,3) is smallest animal with 137 tilings

(0,0),(1,0),(2,0),(3,0),(4,0),(5,0),(0,1),(1,1),(2,1),(3,1),(4,1),(5,1),(0,2),(1,2),(2,2),(3,2),(4,2),(5,2),(0,3),(1,3),(2,3),(3,3) is smallest animal with 132 tilings

(0,0),(1,0),(2,0),(3,0),(4,0),(5,0),(0,1),(1,1),(2,1),(3,1),(4,1),(5,1),(0,2),(1,2),(2,2),(3,2),(4,2),(0,3),(1,3),(2,3),(3,3),(4,3) is smallest animal with 149 tilings

(0,0),(1,0),(2,0),(3,0),(4,0),(5,0),(0,1),(1,1),(2,1),(3,1),(4,1),(5,1),(0,2),(1,2),(2,2),(3,2),(0,3),(1,3),(2,3),(3,3),(0,4),(1,4) is smallest animal with 134 tilings

(0,0),(1,0),(2,0),(3,0),(4,0),(5,0),(0,1),(1,1),(2,1),(3,1),(4,1),(5,1),(0,2),(1,2),(2,2),(3,2),(0,3),(1,3),(2,3),(3,3),(2,4),(3,4) is smallest animal with 133 tilings

(0,0),(1,0),(2,0),(3,0),(4,0),(5,0),(0,1),(1,1),(2,1),(3,1),(4,1),(5,1),(0,2),(1,2),(4,2),(5,2),(0,3),(1,3),(4,3),(5,3),(0,4),(1,4) is smallest animal with 117 tilings

(0,0),(1,0),(2,0),(3,0),(4,0),(5,0),(0,1),(1,1),(2,1),(3,1),(4,1),(5,1),(0,2),(1,2),(0,3),(1,3),(2,3),(3,3),(0,4),(1,4),(2,4),(3,4) is smallest animal with 116 tilings

(0,0),(1,0),(2,0),(3,0),(4,0),(5,0),(0,1),(1,1),(2,1),(3,1),(4,1),(5,1),(2,2),(3,2),(4,2),(5,2),(6,2),(2,3),(3,3),(4,3),(5,3),(6,3) is smallest animal with 136 tilings

(0,0),(1,0),(2,0),(3,0),(4,0),(5,0),(0,1),(1,1),(2,1),(3,1),(4,1),(5,1),(2,2),(3,2),(2,3),(3,3),(2,4),(3,4),(2,5),(3,5),(2,6),(3,6) is smallest animal with 124 tilings