1 (1, 0) [] 
2 (2, 1) [(0,1)] 
4 (3, 2) [(0,2),(1,2)] 
6 (3, 3) [(0,1),(0,2),(1,2)] 
8 (4, 3) [(0,2),(0,3),(1,3)] 
12 (4, 3) [(0,3),(1,3),(2,3)] 
14 (4, 4) [(0,2),(0,3),(1,3),(2,3)] 
16 (4, 4) [(0,2),(1,2),(0,3),(1,3)] 
20 (4, 5) [(0,2),(1,2),(0,3),(1,3),(2,3)] 
24 (4, 6) [(0,1),(0,2),(1,2),(0,3),(1,3),(2,3)] 
28 (5, 4) [(0,3),(0,4),(1,4),(2,4)] 
30 (5, 5) [(0,2),(1,3),(0,4),(1,4),(2,4)] 
32 (6, 5) [(0,3),(1,4),(2,4),(0,5),(1,5)] 
36 (5, 5) [(0,3),(1,3),(0,4),(2,4),(3,4)] 
40 (5, 5) [(0,2),(0,3),(1,3),(1,4),(2,4)] 
44 (5, 5) [(0,3),(1,3),(0,4),(1,4),(2,4)] 
48 (5, 4) [(0,4),(1,4),(2,4),(3,4)] 
50 (5, 6) [(0,2),(0,3),(2,3),(0,4),(1,4),(2,4)] 
52 (5, 5) [(0,3),(0,4),(1,4),(2,4),(3,4)] 
56 (5, 6) [(0,2),(1,3),(0,4),(1,4),(2,4),(3,4)] 
60 (5, 6) [(0,3),(1,3),(0,4),(1,4),(2,4),(3,4)] 
62 (6, 6) [(0,3),(1,4),(2,4),(0,5),(1,5),(3,5)] 
64 (7, 6) [(0,3),(1,4),(0,5),(2,5),(1,6),(2,6)] 
66 (5, 7) [(0,2),(0,3),(2,3),(0,4),(1,4),(2,4),(3,4)] 
72 (5, 6) [(0,3),(1,3),(2,3),(0,4),(1,4),(2,4)] 
76 (5, 7) [(0,2),(0,3),(1,3),(0,4),(1,4),(2,4),(3,4)] 
80 (5, 7) [(0,2),(1,2),(0,3),(1,3),(0,4),(1,4),(2,4)] 
82 (6, 6) [(0,3),(1,4),(2,4),(0,5),(1,5),(4,5)] 
84 (5, 7) [(0,3),(1,3),(2,3),(0,4),(1,4),(2,4),(3,4)] 
92 (5, 8) [(0,2),(0,3),(1,3),(2,3),(0,4),(1,4),(2,4),(3,4)] 
96 (5, 8) [(0,2),(1,2),(0,3),(1,3),(0,4),(1,4),(2,4),(3,4)] 
104 (6, 6) [(0,3),(1,4),(2,4),(0,5),(1,5),(2,5)] 
108 (5, 9) [(0,2),(1,2),(0,3),(1,3),(2,3),(0,4),(1,4),(2,4),(3,4)] 
112 (6, 5) [(0,4),(1,4),(2,5),(3,5),(4,5)] 
116 (6, 6) [(0,3),(1,4),(2,4),(0,5),(3,5),(4,5)] 
120 (5, 10) [(0,1),(0,2),(1,2),(0,3),(1,3),(2,3),(0,4),(1,4),(2,4),(3,4)] 
124 (7, 6) [(0,4),(0,5),(1,5),(1,6),(2,6),(3,6)] 
126 (7, 7) [(0,3),(1,4),(0,5),(2,5),(1,6),(2,6),(4,6)] 
128 (6, 6) [(0,3),(0,4),(1,4),(1,5),(2,5),(3,5)] 
132 (6, 5) [(0,4),(0,5),(1,5),(2,5),(3,5)] 
138 (6, 6) [(0,3),(1,4),(0,5),(1,5),(2,5),(3,5)] 
144 (6, 6) [(0,3),(0,4),(1,4),(0,5),(1,5),(2,5)] 
148 (6, 7) [(0,3),(1,4),(2,4),(0,5),(1,5),(2,5),(4,5)] 
152 (6, 6) [(0,4),(1,4),(0,5),(2,5),(3,5),(4,5)] 
156 (6, 8) [(0,2),(1,3),(0,4),(2,4),(0,5),(1,5),(2,5),(4,5)] 
158 (6, 7) [(0,3),(1,4),(2,4),(0,5),(1,5),(3,5),(4,5)] 
164 (6, 7) [(0,3),(1,3),(0,4),(2,4),(0,5),(2,5),(3,5)] 
168 (6, 7) [(0,3),(1,3),(0,4),(2,4),(1,5),(2,5),(3,5)] 
174 (6, 7) [(0,3),(0,4),(1,4),(0,5),(1,5),(2,5),(4,5)] 
176 (7, 7) [(0,4),(1,4),(2,5),(3,5),(0,6),(2,6),(4,6)] 
178 (6, 7) [(0,3),(1,3),(0,4),(2,4),(1,5),(3,5),(4,5)] 
192 (6, 6) [(0,4),(1,4),(0,5),(1,5),(2,5),(3,5)] 
196 (7, 7) [(0,3),(1,4),(0,5),(2,5),(0,6),(1,6),(3,6)] 
200 (6, 7) [(0,3),(1,4),(2,4),(0,5),(1,5),(2,5),(3,5)] 
204 (6, 8) [(0,3),(0,4),(1,4),(3,4),(0,5),(2,5),(3,5),(4,5)] 
208 (6, 7) [(0,3),(0,4),(3,4),(0,5),(1,5),(2,5),(3,5)] 
216 (6, 7) [(0,3),(1,3),(0,4),(1,4),(0,5),(1,5),(2,5)] 
220 (6, 7) [(0,3),(0,4),(1,4),(0,5),(1,5),(2,5),(3,5)] 
224 (6, 7) [(0,3),(0,4),(1,4),(2,4),(1,5),(2,5),(3,5)] 
228 (6, 8) [(0,3),(1,3),(0,4),(1,4),(2,4),(0,5),(1,5),(3,5)] 
238 (7, 8) [(0,3),(0,4),(3,4),(1,5),(2,5),(0,6),(1,6),(3,6)] 
240 (6, 5) [(0,5),(1,5),(2,5),(3,5),(4,5)] 
244 (7, 7) [(0,4),(1,5),(2,5),(3,5),(0,6),(1,6),(4,6)] 
248 (7, 8) [(0,3),(1,4),(0,5),(2,5),(3,5),(1,6),(2,6),(4,6)] 
250 (6, 8) [(0,3),(0,4),(1,4),(2,4),(0,5),(1,5),(3,5),(4,5)] 
252 (6, 6) [(0,4),(0,5),(1,5),(2,5),(3,5),(4,5)] 
256 (6, 8) [(0,3),(1,3),(0,4),(1,4),(0,5),(1,5),(2,5),(3,5)] 
260 (6, 8) [(0,3),(1,3),(0,4),(2,4),(0,5),(1,5),(2,5),(3,5)] 
264 (6, 7) [(0,3),(1,4),(0,5),(1,5),(2,5),(3,5),(4,5)] 
270 (6, 8) [(0,3),(0,4),(1,4),(3,4),(0,5),(1,5),(2,5),(3,5)] 
272 (6, 7) [(0,4),(1,4),(0,5),(1,5),(2,5),(3,5),(4,5)] 
280 (6, 9) [(0,3),(1,3),(0,4),(1,4),(3,4),(0,5),(2,5),(3,5),(4,5)] 
284 (6, 8) [(0,3),(1,4),(2,4),(0,5),(1,5),(2,5),(3,5),(4,5)] 
288 (6, 8) [(0,3),(0,4),(3,4),(0,5),(1,5),(2,5),(3,5),(4,5)] 
296 (6, 8) [(0,3),(0,4),(1,4),(2,4),(1,5),(2,5),(3,5),(4,5)] 
300 (6, 8) [(0,3),(0,4),(1,4),(0,5),(1,5),(2,5),(3,5),(4,5)] 
308 (7, 8) [(0,3),(0,4),(1,4),(1,5),(2,5),(0,6),(1,6),(4,6)] 
312 (6, 8) [(0,4),(1,4),(2,4),(0,5),(1,5),(2,5),(3,5),(4,5)] 
316 (6, 8) [(0,3),(0,4),(1,4),(2,4),(0,5),(1,5),(2,5),(3,5)] 
320 (6, 8) [(0,3),(1,3),(0,4),(1,4),(2,4),(0,5),(1,5),(2,5)] 
322 (7, 7) [(0,3),(1,4),(0,5),(2,5),(0,6),(1,6),(4,6)] 
324 (6, 10) [(0,2),(0,3),(2,3),(0,4),(2,4),(3,4),(0,5),(1,5),(2,5),(3,5)] 
330 (6, 9) [(0,3),(0,4),(1,4),(3,4),(0,5),(1,5),(2,5),(3,5),(4,5)] 
332 (7, 8) [(0,4),(1,4),(2,5),(3,5),(0,6),(1,6),(2,6),(4,6)] 
336 (6, 9) [(0,3),(1,3),(0,4),(2,4),(3,4),(1,5),(2,5),(3,5),(4,5)] 
340 (7, 7) [(0,4),(1,4),(2,5),(3,5),(0,6),(4,6),(5,6)] 
342 (7, 9) [(0,3),(0,4),(3,4),(1,5),(2,5),(0,6),(1,6),(3,6),(4,6)] 
344 (6, 9) [(0,3),(1,3),(0,4),(2,4),(0,5),(1,5),(2,5),(3,5),(4,5)] 
346 (7, 8) [(0,3),(0,4),(3,4),(1,5),(2,5),(0,6),(1,6),(5,6)] 
352 (6, 9) [(0,3),(1,3),(0,4),(1,4),(2,4),(0,5),(1,5),(2,5),(4,5)] 
356 (6, 9) [(0,3),(1,3),(0,4),(2,4),(3,4),(0,5),(1,5),(2,5),(3,5)] 
360 (6, 9) [(0,2),(0,3),(1,3),(0,4),(1,4),(2,4),(1,5),(2,5),(3,5)] 
376 (6, 9) [(0,3),(0,4),(1,4),(2,4),(0,5),(1,5),(2,5),(3,5),(4,5)] 
380 (7, 7) [(0,3),(1,4),(0,5),(2,5),(0,6),(1,6),(2,6)] 
384 (6, 8) [(0,4),(1,4),(2,4),(3,4),(0,5),(1,5),(2,5),(3,5)] 
392 (7, 8) [(0,3),(0,4),(1,4),(1,5),(2,5),(1,6),(2,6),(4,6)] 
396 (6, 10) [(0,2),(1,3),(0,4),(1,4),(2,4),(0,5),(1,5),(2,5),(3,5),(4,5)] 
408 (6, 9) [(0,3),(0,4),(1,4),(2,4),(3,4),(0,5),(1,5),(2,5),(3,5)] 
416 (6, 10) [(0,3),(1,3),(0,4),(2,4),(3,4),(0,5),(1,5),(2,5),(3,5),(4,5)] 
420 (6, 10) [(0,2),(0,3),(1,3),(1,4),(2,4),(0,5),(1,5),(2,5),(3,5),(4,5)] 
428 (7, 8) [(0,4),(1,4),(0,5),(2,5),(0,6),(1,6),(3,6),(4,6)] 
432 (6, 9) [(0,4),(1,4),(2,4),(3,4),(0,5),(1,5),(2,5),(3,5),(4,5)] 
436 (6, 10) [(0,3),(1,3),(0,4),(1,4),(2,4),(0,5),(1,5),(2,5),(3,5),(4,5)] 
440 (7, 7) [(0,4),(1,4),(2,5),(3,5),(2,6),(3,6),(4,6)] 
444 (7, 7) [(0,4),(1,5),(2,5),(0,6),(1,6),(3,6),(5,6)] 
448 (6, 10) [(0,3),(1,3),(2,3),(0,4),(1,4),(2,4),(0,5),(1,5),(3,5),(4,5)] 
456 (6, 10) [(0,3),(0,4),(1,4),(2,4),(3,4),(0,5),(1,5),(2,5),(3,5),(4,5)] 
460 (7, 8) [(0,3),(0,4),(3,4),(1,5),(2,5),(0,6),(3,6),(5,6)] 
468 (6, 10) [(0,3),(1,3),(2,3),(0,4),(1,4),(2,4),(0,5),(1,5),(2,5),(3,5)] 
476 (7, 8) [(0,3),(1,4),(0,5),(2,5),(0,6),(1,6),(2,6),(5,6)] 
480 (6, 11) [(0,2),(1,3),(0,4),(1,4),(2,4),(3,4),(0,5),(1,5),(2,5),(3,5),(4,5)] 
492 (6, 11) [(0,2),(0,3),(1,3),(0,4),(1,4),(2,4),(0,5),(1,5),(2,5),(3,5),(4,5)] 
496 (6, 11) [(0,3),(1,3),(0,4),(1,4),(2,4),(3,4),(0,5),(1,5),(2,5),(3,5),(4,5)] 
504 (6, 11) [(0,2),(1,2),(0,3),(1,3),(0,4),(1,4),(2,4),(0,5),(2,5),(3,5),(4,5)] 
512 (7, 7) [(0,4),(1,4),(0,5),(2,5),(2,6),(3,6),(4,6)] 
516 (7, 8) [(0,3),(0,4),(1,4),(1,5),(2,5),(0,6),(1,6),(5,6)] 
520 (7, 7) [(0,4),(0,5),(1,5),(0,6),(2,6),(3,6),(5,6)] 
524 (7, 9) [(0,3),(1,4),(0,5),(2,5),(3,5),(0,6),(1,6),(3,6),(5,6)] 
528 (6, 11) [(0,3),(1,3),(2,3),(0,4),(1,4),(2,4),(0,5),(1,5),(2,5),(3,5),(4,5)] 
532 (7, 8) [(0,3),(1,4),(0,5),(2,5),(0,6),(1,6),(4,6),(5,6)] 
540 (7, 8) [(0,4),(1,4),(0,5),(2,5),(3,5),(1,6),(2,6),(4,6)] 
544 (7, 8) [(0,3),(1,4),(2,4),(1,5),(2,5),(0,6),(1,6),(2,6)] 
552 (6, 12) [(0,2),(0,3),(1,3),(0,4),(1,4),(2,4),(3,4),(0,5),(1,5),(2,5),(3,5),(4,5)] 
560 (7, 9) [(0,3),(1,4),(2,4),(0,5),(1,5),(2,5),(1,6),(2,6),(4,6)] 
564 (6, 12) [(0,2),(1,2),(0,3),(1,3),(0,4),(1,4),(2,4),(0,5),(1,5),(2,5),(3,5),(4,5)] 
572 (7, 7) [(0,4),(1,5),(2,5),(0,6),(1,6),(2,6),(3,6)] 
576 (6, 12) [(0,3),(1,3),(2,3),(0,4),(1,4),(2,4),(3,4),(0,5),(1,5),(2,5),(3,5),(4,5)] 
584 (7, 9) [(0,4),(1,4),(0,5),(2,5),(3,5),(0,6),(2,6),(3,6),(5,6)] 
592 (7, 8) [(0,4),(0,5),(1,5),(4,5),(0,6),(2,6),(3,6),(4,6)] 
598 (7, 8) [(0,3),(0,4),(1,4),(1,5),(2,5),(0,6),(2,6),(5,6)] 
600 (7, 6) [(0,5),(1,5),(2,6),(3,6),(4,6),(5,6)] 
602 (7, 8) [(0,3),(1,4),(0,5),(3,5),(0,6),(1,6),(2,6),(3,6)] 
604 (7, 9) [(0,3),(1,4),(0,5),(2,5),(3,5),(0,6),(1,6),(3,6),(4,6)] 
612 (6, 13) [(0,2),(0,3),(1,3),(2,3),(0,4),(1,4),(2,4),(3,4),(0,5),(1,5),(2,5),(3,5),(4,5)] 
616 (7, 7) [(0,4),(1,5),(2,5),(0,6),(3,6),(4,6),(5,6)] 
620 (7, 8) [(0,4),(1,4),(2,5),(3,5),(0,6),(2,6),(3,6),(4,6)] 
624 (6, 13) [(0,2),(1,2),(0,3),(1,3),(0,4),(1,4),(2,4),(3,4),(0,5),(1,5),(2,5),(3,5),(4,5)] 
628 (7, 8) [(0,3),(1,4),(0,5),(3,5),(0,6),(1,6),(2,6),(4,6)] 
640 (7, 7) [(0,4),(0,5),(1,5),(1,6),(2,6),(3,6),(4,6)] 
644 (7, 8) [(0,3),(1,4),(0,5),(1,5),(3,5),(0,6),(1,6),(2,6)] 
648 (7, 8) [(0,4),(0,5),(1,5),(2,5),(0,6),(1,6),(3,6),(5,6)] 
650 (7, 9) [(0,3),(0,4),(3,4),(1,5),(2,5),(0,6),(1,6),(3,6),(5,6)] 
652 (7, 9) [(0,3),(0,4),(3,4),(1,5),(2,5),(0,6),(1,6),(2,6),(5,6)] 
656 (7, 8) [(0,3),(1,4),(0,5),(2,5),(1,6),(2,6),(3,6),(4,6)] 
660 (7, 8) [(0,4),(0,5),(1,5),(2,5),(0,6),(1,6),(3,6),(4,6)] 
664 (7, 9) [(0,3),(1,4),(0,5),(1,5),(2,5),(0,6),(2,6),(3,6),(5,6)] 
668 (7, 8) [(0,3),(0,4),(1,4),(1,5),(2,5),(0,6),(1,6),(2,6)] 
672 (6, 14) [(0,2),(1,2),(0,3),(1,3),(2,3),(0,4),(1,4),(2,4),(3,4),(0,5),(1,5),(2,5),(3,5),(4,5)] 
692 (7, 9) [(0,3),(1,4),(2,4),(0,5),(1,5),(3,5),(0,6),(1,6),(4,6)] 
696 (7, 8) [(0,4),(1,5),(2,5),(3,5),(0,6),(1,6),(2,6),(3,6)] 
712 (7, 10) [(0,3),(1,4),(2,4),(1,5),(2,5),(4,5),(0,6),(1,6),(4,6),(5,6)] 
716 (7, 8) [(0,4),(1,4),(0,5),(2,5),(0,6),(2,6),(3,6),(4,6)] 
720 (6, 15) [(0,1),(0,2),(1,2),(0,3),(1,3),(2,3),(0,4),(1,4),(2,4),(3,4),(0,5),(1,5),(2,5),(3,5),(4,5)] 
724 (7, 7) [(0,4),(0,5),(1,5),(0,6),(1,6),(2,6),(3,6)] 
728 (7, 8) [(0,4),(1,4),(0,5),(2,5),(1,6),(2,6),(3,6),(4,6)] 
732 (7, 9) [(0,4),(1,4),(0,5),(2,5),(4,5),(0,6),(1,6),(3,6),(4,6)] 
736 (7, 8) [(0,4),(1,5),(2,5),(3,5),(0,6),(1,6),(4,6),(5,6)] 
742 (7, 8) [(0,3),(1,4),(0,5),(2,5),(0,6),(1,6),(2,6),(4,6)] 
744 (7, 9) [(0,3),(1,4),(2,4),(0,5),(1,5),(3,5),(0,6),(2,6),(4,6)] 
752 (7, 8) [(0,4),(1,4),(0,5),(1,5),(0,6),(2,6),(3,6),(4,6)] 
756 (7, 8) [(0,4),(1,4),(0,5),(2,5),(3,5),(2,6),(3,6),(4,6)] 
768 (7, 6) [(0,5),(0,6),(1,6),(2,6),(3,6),(4,6)] 
776 (7, 10) [(0,3),(1,4),(2,4),(1,5),(2,5),(4,5),(0,6),(1,6),(2,6),(4,6)] 
784 (7, 8) [(0,3),(0,4),(1,4),(1,5),(3,5),(0,6),(1,6),(2,6)] 
786 (7, 9) [(0,3),(1,4),(2,4),(0,5),(1,5),(3,5),(0,6),(3,6),(4,6)] 
792 (7, 7) [(0,4),(1,5),(0,6),(1,6),(2,6),(3,6),(4,6)] 
800 (7, 8) [(0,4),(1,4),(2,5),(3,5),(0,6),(1,6),(2,6),(3,6)] 
808 (7, 9) [(0,3),(0,4),(1,4),(1,5),(2,5),(0,6),(1,6),(3,6),(5,6)] 
812 (7, 9) [(0,3),(1,4),(0,5),(1,5),(2,5),(0,6),(1,6),(3,6),(5,6)] 
816 (7, 8) [(0,3),(1,4),(2,5),(0,6),(1,6),(2,6),(3,6),(4,6)] 
820 (7, 8) [(0,4),(0,5),(1,5),(2,5),(0,6),(3,6),(4,6),(5,6)] 
824 (7, 9) [(0,3),(0,4),(1,4),(1,5),(2,5),(0,6),(2,6),(3,6),(4,6)] 
828 (7, 8) [(0,4),(1,5),(2,5),(0,6),(1,6),(2,6),(3,6),(5,6)] 
838 (7, 9) [(0,3),(1,4),(0,5),(2,5),(3,5),(0,6),(1,6),(4,6),(5,6)] 
840 (7, 7) [(0,5),(1,5),(0,6),(2,6),(3,6),(4,6),(5,6)] 
848 (7, 9) [(0,3),(0,4),(1,4),(1,5),(2,5),(0,6),(2,6),(3,6),(5,6)] 
856 (7, 8) [(0,4),(0,5),(1,5),(4,5),(0,6),(1,6),(2,6),(3,6)] 
858 (7, 9) [(0,3),(1,4),(0,5),(3,5),(0,6),(1,6),(2,6),(3,6),(5,6)] 
864 (7, 8) [(0,5),(1,5),(2,5),(3,5),(0,6),(1,6),(2,6),(4,6)] 
872 (7, 9) [(0,3),(1,4),(0,5),(2,5),(0,6),(1,6),(2,6),(3,6),(5,6)] 
876 (7, 9) [(0,3),(1,4),(0,5),(2,5),(3,5),(0,6),(1,6),(2,6),(4,6)] 
878 (7, 9) [(0,3),(0,4),(1,4),(1,5),(2,5),(0,6),(1,6),(2,6),(5,6)] 
880 (7, 9) [(0,3),(0,4),(1,4),(1,5),(3,5),(0,6),(1,6),(2,6),(4,6)] 
888 (7, 8) [(0,4),(0,5),(1,5),(2,5),(1,6),(3,6),(4,6),(5,6)] 
896 (7, 9) [(0,3),(1,4),(2,4),(0,5),(1,5),(3,5),(0,6),(1,6),(2,6)] 
900 (7, 9) [(0,4),(1,4),(2,5),(3,5),(0,6),(1,6),(2,6),(4,6),(5,6)] 
904 (7, 8) [(0,4),(0,5),(1,5),(0,6),(1,6),(2,6),(3,6),(5,6)] 
908 (7, 10) [(0,3),(1,4),(2,4),(0,5),(1,5),(4,5),(0,6),(1,6),(3,6),(5,6)] 
912 (7, 9) [(0,4),(0,5),(1,5),(2,5),(4,5),(0,6),(1,6),(3,6),(4,6)] 
920 (7, 9) [(0,4),(1,4),(0,5),(1,5),(2,5),(0,6),(1,6),(3,6),(5,6)] 
924 (7, 8) [(0,4),(0,5),(1,5),(2,5),(1,6),(2,6),(3,6),(4,6)] 
928 (7, 9) [(0,3),(1,4),(0,5),(2,5),(0,6),(1,6),(2,6),(4,6),(5,6)] 
930 (7, 10) [(0,3),(0,4),(3,4),(1,5),(2,5),(0,6),(1,6),(3,6),(4,6),(5,6)] 
932 (7, 9) [(0,4),(1,4),(0,5),(2,5),(3,5),(0,6),(1,6),(2,6),(5,6)] 
944 (7, 9) [(0,4),(1,4),(0,5),(2,5),(3,5),(1,6),(2,6),(3,6),(5,6)] 
952 (7, 8) [(0,4),(1,4),(0,5),(2,5),(0,6),(1,6),(2,6),(3,6)] 
960 (7, 8) [(0,5),(1,5),(2,5),(0,6),(1,6),(3,6),(4,6),(5,6)] 
968 (7, 11) [(0,3),(1,4),(2,4),(1,5),(2,5),(4,5),(0,6),(1,6),(2,6),(4,6),(5,6)] 
972 (7, 9) [(0,4),(1,4),(2,5),(3,5),(4,5),(0,6),(1,6),(2,6),(4,6)] 
974 (7, 9) [(0,3),(1,4),(0,5),(1,5),(3,5),(0,6),(2,6),(3,6),(4,6)] 
976 (7, 10) [(0,3),(1,4),(2,4),(0,5),(1,5),(3,5),(0,6),(2,6),(3,6),(5,6)] 
980 (7, 10) [(0,3),(0,4),(1,4),(0,5),(1,5),(4,5),(0,6),(2,6),(4,6),(5,6)] 
984 (7, 9) [(0,4),(1,5),(2,5),(3,5),(0,6),(1,6),(2,6),(4,6),(5,6)] 
996 (7, 9) [(0,4),(1,4),(0,5),(2,5),(4,5),(0,6),(2,6),(3,6),(4,6)] 
1000 (7, 9) [(0,4),(0,5),(1,5),(4,5),(0,6),(2,6),(3,6),(4,6),(5,6)] 
1002 (7, 10) [(0,3),(1,4),(2,4),(0,5),(3,5),(4,5),(0,6),(1,6),(3,6),(5,6)] 
1008 (7, 9) [(0,3),(0,4),(1,4),(1,5),(2,5),(1,6),(2,6),(3,6),(4,6)] 
1024 (7, 10) [(0,3),(1,4),(0,5),(2,5),(3,5),(0,6),(1,6),(3,6),(4,6),(5,6)] 
1032 (7, 9) [(0,4),(0,5),(1,5),(2,5),(0,6),(1,6),(2,6),(3,6),(5,6)] 
1040 (7, 8) [(0,4),(1,4),(0,5),(1,5),(0,6),(1,6),(2,6),(3,6)] 
1044 (7, 10) [(0,4),(1,4),(2,4),(0,5),(1,5),(3,5),(0,6),(1,6),(2,6),(4,6)] 
1048 (7, 10) [(0,3),(1,4),(2,4),(0,5),(1,5),(4,5),(1,6),(3,6),(4,6),(5,6)] 
1064 (7, 9) [(0,3),(1,4),(0,5),(1,5),(2,5),(0,6),(1,6),(2,6),(3,6)] 
1068 (7, 9) [(0,4),(0,5),(1,5),(2,5),(0,6),(1,6),(3,6),(4,6),(5,6)] 
1072 (7, 9) [(0,4),(1,4),(0,5),(1,5),(4,5),(0,6),(1,6),(2,6),(3,6)] 
1078 (7, 9) [(0,3),(1,4),(0,5),(1,5),(2,5),(0,6),(3,6),(4,6),(5,6)] 
1080 (7, 7) [(0,5),(1,5),(0,6),(1,6),(2,6),(3,6),(4,6)] 
1088 (7, 10) [(0,3),(1,4),(2,4),(0,5),(1,5),(4,5),(0,6),(1,6),(2,6),(5,6)] 
1092 (7, 9) [(0,4),(1,4),(0,5),(2,5),(3,5),(1,6),(2,6),(3,6),(4,6)] 
1096 (7, 10) [(0,3),(1,4),(2,4),(1,5),(2,5),(4,5),(0,6),(1,6),(2,6),(3,6)] 
1112 (7, 8) [(0,4),(1,5),(2,5),(0,6),(1,6),(2,6),(3,6),(4,6)] 
1120 (7, 9) [(0,4),(1,4),(2,5),(3,5),(4,5),(0,6),(1,6),(4,6),(5,6)] 
1124 (7, 11) [(0,2),(1,3),(0,4),(2,4),(0,5),(1,5),(2,5),(0,6),(1,6),(2,6),(5,6)] 
1128 (7, 9) [(0,3),(1,4),(0,5),(1,5),(2,5),(0,6),(2,6),(3,6),(4,6)] 
1136 (7, 10) [(0,3),(0,4),(1,4),(0,5),(1,5),(2,5),(0,6),(1,6),(3,6),(4,6)] 
1140 (7, 8) [(0,4),(0,5),(4,5),(0,6),(1,6),(2,6),(3,6),(4,6)] 
1142 (7, 10) [(0,3),(1,4),(2,4),(0,5),(1,5),(4,5),(0,6),(3,6),(4,6),(5,6)] 
1144 (7, 10) [(0,3),(1,4),(2,4),(1,5),(2,5),(4,5),(0,6),(3,6),(4,6),(5,6)] 
1152 (7, 9) [(0,4),(1,4),(0,5),(2,5),(4,5),(0,6),(1,6),(2,6),(3,6)] 
1160 (7, 9) [(0,4),(1,4),(2,5),(3,5),(0,6),(1,6),(2,6),(3,6),(4,6)] 
1168 (7, 8) [(0,4),(0,5),(1,5),(0,6),(1,6),(2,6),(3,6),(4,6)] 
1172 (7, 9) [(0,3),(1,4),(0,5),(3,5),(0,6),(1,6),(2,6),(3,6),(4,6)] 
1176 (7, 9) [(0,4),(0,5),(1,5),(2,5),(3,5),(0,6),(1,6),(2,6),(4,6)] 
1184 (7, 10) [(0,3),(1,4),(2,4),(0,5),(1,5),(4,5),(0,6),(1,6),(3,6),(4,6)] 
1188 (7, 11) [(0,3),(1,4),(2,4),(0,5),(1,5),(3,5),(0,6),(1,6),(3,6),(4,6),(5,6)] 
1200 (7, 9) [(0,5),(1,5),(2,5),(3,5),(0,6),(1,6),(2,6),(4,6),(5,6)] 
1208 (7, 10) [(0,3),(1,4),(0,5),(1,5),(2,5),(0,6),(1,6),(2,6),(3,6),(5,6)] 
1212 (7, 10) [(0,4),(1,4),(0,5),(2,5),(3,5),(0,6),(1,6),(2,6),(4,6),(5,6)] 
1220 (7, 10) [(0,3),(0,4),(3,4),(1,5),(2,5),(0,6),(1,6),(2,6),(3,6),(5,6)] 
1224 (7, 10) [(0,3),(1,4),(2,4),(0,5),(1,5),(4,5),(1,6),(2,6),(3,6),(4,6)] 
1232 (7, 9) [(0,3),(1,4),(0,5),(1,5),(2,5),(2,6),(3,6),(4,6),(5,6)] 
1236 (7, 9) [(0,4),(1,4),(2,5),(3,5),(4,5),(0,6),(2,6),(3,6),(4,6)] 
1240 (7, 9) [(0,4),(1,4),(0,5),(2,5),(3,5),(0,6),(1,6),(2,6),(3,6)] 
1248 (7, 10) [(0,4),(0,5),(1,5),(2,5),(4,5),(0,6),(1,6),(3,6),(4,6),(5,6)] 
1256 (7, 9) [(0,4),(1,4),(0,5),(2,5),(0,6),(1,6),(2,6),(3,6),(4,6)] 
1260 (7, 11) [(0,3),(0,4),(1,4),(3,4),(0,5),(1,5),(2,5),(0,6),(1,6),(3,6),(4,6)] 
1264 (7, 9) [(0,4),(0,5),(1,5),(4,5),(0,6),(1,6),(2,6),(3,6),(5,6)] 
1268 (7, 9) [(0,4),(1,4),(0,5),(1,5),(2,5),(0,6),(1,6),(2,6),(3,6)] 
1272 (7, 9) [(0,4),(1,4),(0,5),(2,5),(1,6),(2,6),(3,6),(4,6),(5,6)] 
1278 (7, 10) [(0,3),(1,4),(2,4),(0,5),(3,5),(4,5),(0,6),(1,6),(3,6),(4,6)] 
1280 (7, 9) [(0,4),(1,4),(0,5),(1,5),(0,6),(1,6),(2,6),(3,6),(4,6)] 
1284 (7, 10) [(0,4),(1,4),(2,4),(0,5),(1,5),(3,5),(0,6),(2,6),(4,6),(5,6)] 
1288 (7, 10) [(0,3),(1,4),(2,4),(0,5),(1,5),(3,5),(0,6),(1,6),(2,6),(3,6)] 
1296 (7, 9) [(0,4),(0,5),(1,5),(2,5),(3,5),(0,6),(1,6),(2,6),(3,6)] 
1304 (7, 10) [(0,3),(1,4),(2,4),(0,5),(3,5),(4,5),(0,6),(1,6),(2,6),(4,6)] 
1312 (7, 10) [(0,3),(1,4),(2,4),(1,5),(2,5),(0,6),(1,6),(2,6),(3,6),(4,6)] 
1320 (7, 8) [(0,5),(1,5),(2,5),(0,6),(1,6),(2,6),(3,6),(4,6)] 
1328 (7, 10) [(0,3),(1,4),(2,4),(0,5),(1,5),(4,5),(2,6),(3,6),(4,6),(5,6)] 
1332 (7, 9) [(0,4),(0,5),(1,5),(2,5),(1,6),(2,6),(3,6),(4,6),(5,6)] 
1344 (7, 10) [(0,3),(1,4),(0,5),(1,5),(2,5),(3,5),(0,6),(1,6),(2,6),(3,6)] 
1352 (7, 11) [(0,3),(0,4),(1,4),(3,4),(0,5),(2,5),(3,5),(0,6),(2,6),(3,6),(4,6)] 
1356 (7, 9) [(0,4),(1,5),(2,5),(3,5),(0,6),(1,6),(2,6),(3,6),(4,6)] 
1358 (7, 10) [(0,3),(0,4),(1,4),(0,5),(1,5),(4,5),(2,6),(3,6),(4,6),(5,6)] 
1360 (7, 10) [(0,4),(1,4),(0,5),(1,5),(4,5),(0,6),(2,6),(3,6),(4,6),(5,6)] 
1368 (7, 10) [(0,3),(0,4),(1,4),(1,5),(2,5),(0,6),(1,6),(2,6),(3,6),(4,6)] 
1372 (7, 10) [(0,3),(1,4),(2,4),(0,5),(1,5),(4,5),(0,6),(1,6),(2,6),(3,6)] 
1376 (7, 11) [(0,2),(1,3),(0,4),(2,4),(0,5),(1,5),(2,5),(0,6),(2,6),(3,6),(4,6)] 
1380 (7, 10) [(0,4),(1,4),(2,5),(3,5),(4,5),(0,6),(1,6),(2,6),(4,6),(5,6)] 
1382 (7, 10) [(0,3),(1,4),(0,5),(1,5),(3,5),(0,6),(2,6),(3,6),(4,6),(5,6)] 
1384 (7, 9) [(0,4),(0,5),(1,5),(4,5),(0,6),(1,6),(2,6),(3,6),(4,6)] 
1392 (7, 9) [(0,4),(1,4),(2,5),(3,5),(4,5),(0,6),(1,6),(2,6),(3,6)] 
1400 (7, 10) [(0,3),(1,4),(2,4),(0,5),(1,5),(4,5),(1,6),(2,6),(3,6),(5,6)] 
1404 (7, 10) [(0,4),(1,4),(0,5),(1,5),(2,5),(4,5),(0,6),(1,6),(2,6),(3,6)] 
1416 (7, 10) [(0,4),(0,5),(1,5),(2,5),(3,5),(0,6),(1,6),(2,6),(3,6),(5,6)] 
1420 (7, 10) [(0,3),(1,4),(0,5),(2,5),(3,5),(0,6),(1,6),(2,6),(3,6),(4,6)] 
1422 (7, 11) [(0,3),(1,4),(2,4),(0,5),(3,5),(4,5),(0,6),(1,6),(3,6),(4,6),(5,6)] 
1424 (7, 10) [(0,3),(0,4),(1,4),(1,5),(3,5),(0,6),(1,6),(2,6),(3,6),(4,6)] 
1432 (7, 11) [(0,3),(0,4),(1,4),(0,5),(2,5),(4,5),(0,6),(1,6),(2,6),(4,6),(5,6)] 
1440 (7, 6) [(0,6),(1,6),(2,6),(3,6),(4,6),(5,6)] 
1448 (7, 10) [(0,3),(1,3),(0,4),(2,4),(1,5),(2,5),(3,5),(0,6),(1,6),(2,6)] 
1452 (7, 9) [(0,4),(0,5),(1,5),(2,5),(0,6),(1,6),(2,6),(3,6),(4,6)] 
1460 (7, 10) [(0,4),(1,4),(0,5),(1,5),(2,5),(0,6),(1,6),(2,6),(3,6),(5,6)] 
1464 (7, 10) [(0,3),(0,4),(1,4),(0,5),(1,5),(2,5),(0,6),(2,6),(3,6),(4,6)] 
1472 (7, 10) [(0,4),(1,4),(0,5),(2,5),(3,5),(0,6),(1,6),(2,6),(3,6),(5,6)] 
1476 (7, 10) [(0,4),(1,4),(0,5),(1,5),(2,5),(0,6),(2,6),(3,6),(4,6),(5,6)] 
1480 (7, 10) [(0,4),(1,4),(0,5),(1,5),(4,5),(0,6),(1,6),(2,6),(3,6),(4,6)] 
1488 (7, 7) [(0,5),(0,6),(1,6),(2,6),(3,6),(4,6),(5,6)] 
1494 (7, 11) [(0,3),(0,4),(1,4),(3,4),(0,5),(1,5),(2,5),(0,6),(3,6),(4,6),(5,6)] 
1504 (7, 10) [(0,3),(1,4),(0,5),(1,5),(2,5),(3,5),(0,6),(2,6),(3,6),(4,6)] 
1512 (7, 10) [(0,4),(0,5),(1,5),(2,5),(3,5),(0,6),(1,6),(2,6),(4,6),(5,6)] 
1516 (7, 11) [(0,3),(1,4),(2,4),(1,5),(2,5),(4,5),(0,6),(1,6),(2,6),(3,6),(4,6)] 
1518 (7, 10) [(0,3),(1,4),(0,5),(1,5),(3,5),(0,6),(1,6),(2,6),(3,6),(4,6)] 
1520 (7, 11) [(0,3),(1,4),(2,4),(0,5),(1,5),(3,5),(0,6),(1,6),(2,6),(3,6),(5,6)] 
1532 (7, 11) [(0,2),(1,3),(0,4),(2,4),(0,5),(1,5),(3,5),(0,6),(1,6),(2,6),(3,6)] 
1536 (7, 8) [(0,4),(1,5),(0,6),(1,6),(2,6),(3,6),(4,6),(5,6)] 
1540 (7, 11) [(0,3),(1,4),(2,4),(0,5),(1,5),(3,5),(0,6),(1,6),(2,6),(4,6),(5,6)] 
1544 (7, 11) [(0,3),(0,4),(1,4),(0,5),(1,5),(2,5),(0,6),(1,6),(2,6),(4,6),(5,6)] 
1550 (7, 11) [(0,3),(0,4),(1,4),(0,5),(1,5),(4,5),(0,6),(2,6),(3,6),(4,6),(5,6)] 
1552 (7, 11) [(0,3),(1,3),(0,4),(2,4),(0,5),(1,5),(2,5),(0,6),(1,6),(3,6),(5,6)] 
1560 (7, 8) [(0,5),(1,5),(0,6),(1,6),(2,6),(3,6),(4,6),(5,6)] 
1564 (7, 11) [(0,3),(1,4),(2,4),(0,5),(1,5),(3,5),(0,6),(2,6),(3,6),(4,6),(5,6)] 
1568 (7, 11) [(0,3),(1,4),(0,5),(1,5),(2,5),(3,5),(0,6),(1,6),(3,6),(4,6),(5,6)] 
1584 (7, 9) [(0,3),(1,4),(2,5),(0,6),(1,6),(2,6),(3,6),(4,6),(5,6)] 
1592 (7, 11) [(0,3),(0,4),(1,4),(0,5),(1,5),(3,5),(0,6),(1,6),(2,6),(4,6),(5,6)] 
1596 (7, 10) [(0,4),(1,4),(0,5),(1,5),(2,5),(0,6),(1,6),(2,6),(3,6),(4,6)] 
1600 (7, 10) [(0,3),(0,4),(1,4),(0,5),(1,5),(2,5),(1,6),(2,6),(3,6),(4,6)] 
1608 (7, 9) [(0,4),(1,5),(2,5),(0,6),(1,6),(2,6),(3,6),(4,6),(5,6)] 
1612 (7, 11) [(0,3),(0,4),(1,4),(3,4),(0,5),(1,5),(2,5),(0,6),(1,6),(2,6),(5,6)] 
1620 (7, 9) [(0,4),(0,5),(4,5),(0,6),(1,6),(2,6),(3,6),(4,6),(5,6)] 
1624 (7, 11) [(0,3),(0,4),(1,4),(3,4),(0,5),(1,5),(2,5),(1,6),(2,6),(4,6),(5,6)] 
1632 (7, 9) [(0,5),(1,5),(2,5),(3,5),(0,6),(1,6),(2,6),(3,6),(4,6)] 
1636 (7, 11) [(0,3),(0,4),(1,4),(3,4),(0,5),(1,5),(2,5),(0,6),(2,6),(3,6),(5,6)] 
1640 (7, 11) [(0,3),(1,3),(0,4),(2,4),(1,5),(2,5),(0,6),(1,6),(2,6),(3,6),(4,6)] 
1648 (7, 9) [(0,4),(0,5),(1,5),(0,6),(1,6),(2,6),(3,6),(4,6),(5,6)] 
1656 (7, 11) [(0,4),(1,4),(2,4),(0,5),(1,5),(2,5),(3,5),(0,6),(1,6),(2,6),(4,6)] 
1668 (7, 10) [(0,3),(1,4),(0,5),(3,5),(0,6),(1,6),(2,6),(3,6),(4,6),(5,6)] 
1672 (7, 10) [(0,3),(1,4),(0,5),(1,5),(2,5),(0,6),(1,6),(2,6),(3,6),(4,6)] 
1680 (7, 9) [(0,5),(1,5),(2,5),(0,6),(1,6),(2,6),(3,6),(4,6),(5,6)] 
1686 (7, 11) [(0,3),(0,4),(1,4),(0,5),(1,5),(4,5),(1,6),(2,6),(3,6),(4,6),(5,6)] 
1688 (7, 11) [(0,3),(1,4),(2,4),(0,5),(1,5),(3,5),(0,6),(1,6),(2,6),(3,6),(4,6)] 
1692 (7, 11) [(0,3),(1,3),(0,4),(2,4),(1,5),(2,5),(3,5),(0,6),(1,6),(2,6),(4,6)] 
1696 (7, 10) [(0,3),(1,4),(0,5),(2,5),(0,6),(1,6),(2,6),(3,6),(4,6),(5,6)] 
1704 (7, 10) [(0,4),(0,5),(1,5),(2,5),(4,5),(0,6),(1,6),(2,6),(3,6),(4,6)] 
1712 (7, 11) [(0,3),(1,4),(2,4),(0,5),(3,5),(4,5),(0,6),(1,6),(2,6),(4,6),(5,6)] 
1728 (7, 10) [(0,4),(1,5),(2,5),(3,5),(0,6),(1,6),(2,6),(3,6),(4,6),(5,6)] 
1732 (7, 11) [(0,3),(1,3),(0,4),(2,4),(1,5),(2,5),(3,5),(1,6),(2,6),(3,6),(4,6)] 
1736 (7, 12) [(0,3),(0,4),(1,4),(0,5),(1,5),(2,5),(4,5),(0,6),(1,6),(3,6),(4,6),(5,6)] 
1740 (7, 11) [(0,4),(1,4),(0,5),(1,5),(2,5),(4,5),(0,6),(1,6),(2,6),(3,6),(5,6)] 
1744 (7, 10) [(0,4),(0,5),(1,5),(4,5),(0,6),(1,6),(2,6),(3,6),(4,6),(5,6)] 
1748 (7, 11) [(0,3),(1,4),(2,4),(0,5),(1,5),(2,5),(4,5),(0,6),(1,6),(2,6),(3,6)] 
1752 (7, 10) [(0,4),(1,4),(0,5),(2,5),(0,6),(1,6),(2,6),(3,6),(4,6),(5,6)] 
1760 (7, 10) [(0,4),(1,4),(0,5),(1,5),(0,6),(1,6),(2,6),(3,6),(4,6),(5,6)] 
1764 (7, 12) [(0,2),(1,3),(0,4),(2,4),(0,5),(1,5),(3,5),(0,6),(1,6),(2,6),(3,6),(5,6)] 
1768 (7, 11) [(0,3),(0,4),(1,4),(1,5),(2,5),(3,5),(0,6),(1,6),(2,6),(3,6),(5,6)] 
1772 (7, 11) [(0,3),(1,4),(2,4),(0,5),(1,5),(3,5),(4,5),(0,6),(1,6),(2,6),(3,6)] 
1776 (7, 10) [(0,4),(0,5),(1,5),(2,5),(3,5),(1,6),(2,6),(3,6),(4,6),(5,6)] 
1780 (7, 11) [(0,3),(1,4),(2,4),(0,5),(1,5),(4,5),(0,6),(1,6),(2,6),(3,6),(5,6)] 
1784 (7, 12) [(0,2),(1,3),(0,4),(2,4),(0,5),(1,5),(2,5),(0,6),(2,6),(3,6),(4,6),(5,6)] 
1792 (7, 11) [(0,3),(1,4),(0,5),(2,5),(3,5),(0,6),(1,6),(2,6),(3,6),(4,6),(5,6)] 
1800 (7, 10) [(0,4),(1,4),(2,5),(3,5),(4,5),(0,6),(1,6),(2,6),(3,6),(4,6)] 
1804 (7, 12) [(0,2),(1,3),(0,4),(2,4),(0,5),(1,5),(2,5),(0,6),(1,6),(2,6),(3,6),(5,6)] 
1808 (7, 11) [(0,3),(1,4),(2,4),(1,5),(2,5),(0,6),(1,6),(2,6),(3,6),(4,6),(5,6)] 
1812 (7, 10) [(0,4),(0,5),(1,5),(2,5),(0,6),(1,6),(2,6),(3,6),(4,6),(5,6)] 
1824 (7, 11) [(0,4),(1,4),(2,4),(0,5),(1,5),(3,5),(0,6),(2,6),(3,6),(4,6),(5,6)] 
1830 (7, 12) [(0,3),(0,4),(3,4),(0,5),(1,5),(2,5),(3,5),(0,6),(1,6),(3,6),(4,6),(5,6)] 
1840 (7, 10) [(0,4),(1,4),(0,5),(1,5),(2,5),(3,5),(0,6),(1,6),(2,6),(3,6)] 
1848 (7, 12) [(0,2),(1,3),(0,4),(1,4),(2,4),(0,5),(2,5),(3,5),(0,6),(1,6),(2,6),(4,6)] 
1860 (7, 11) [(0,3),(1,4),(2,4),(0,5),(3,5),(4,5),(0,6),(1,6),(2,6),(3,6),(5,6)] 
1864 (7, 11) [(0,3),(1,4),(2,4),(0,5),(1,5),(2,5),(0,6),(1,6),(2,6),(3,6),(4,6)] 
1872 (7, 11) [(0,3),(1,4),(2,4),(0,5),(3,5),(4,5),(0,6),(1,6),(2,6),(3,6),(4,6)] 
1878 (7, 11) [(0,3),(1,4),(0,5),(1,5),(3,5),(0,6),(1,6),(2,6),(3,6),(4,6),(5,6)] 
1880 (7, 13) [(0,3),(0,4),(1,4),(3,4),(0,5),(1,5),(3,5),(4,5),(0,6),(2,6),(3,6),(4,6),(5,6)] 
1888 (7, 11) [(0,3),(0,4),(1,4),(1,5),(2,5),(0,6),(1,6),(2,6),(3,6),(4,6),(5,6)] 
1896 (7, 11) [(0,3),(0,4),(1,4),(0,5),(2,5),(4,5),(0,6),(1,6),(2,6),(3,6),(4,6)] 
1902 (7, 12) [(0,3),(0,4),(3,4),(0,5),(1,5),(3,5),(4,5),(0,6),(1,6),(2,6),(3,6),(4,6)] 
1904 (7, 11) [(0,3),(1,4),(2,4),(0,5),(1,5),(2,5),(3,5),(0,6),(1,6),(2,6),(3,6)] 
1916 (7, 11) [(0,3),(0,4),(1,4),(1,5),(2,5),(3,5),(0,6),(1,6),(2,6),(3,6),(4,6)] 
1920 (7, 10) [(0,5),(1,5),(2,5),(3,5),(0,6),(1,6),(2,6),(3,6),(4,6),(5,6)] 
1928 (7, 11) [(0,3),(1,3),(0,4),(2,4),(0,5),(1,5),(2,5),(0,6),(1,6),(2,6),(3,6)] 
1932 (7, 11) [(0,4),(1,4),(2,4),(0,5),(1,5),(3,5),(0,6),(1,6),(2,6),(3,6),(4,6)] 
1936 (7, 11) [(0,3),(0,4),(1,4),(2,4),(0,5),(1,5),(2,5),(1,6),(2,6),(3,6),(4,6)] 
1944 (7, 11) [(0,3),(0,4),(1,4),(2,4),(1,5),(2,5),(3,5),(0,6),(3,6),(4,6),(5,6)] 
1952 (7, 12) [(0,2),(1,3),(0,4),(2,4),(0,5),(1,5),(2,5),(0,6),(1,6),(3,6),(4,6),(5,6)] 
1956 (7, 11) [(0,4),(1,4),(0,5),(1,5),(2,5),(0,6),(1,6),(2,6),(3,6),(4,6),(5,6)] 
1960 (7, 11) [(0,3),(0,4),(1,4),(2,4),(0,5),(1,5),(2,5),(0,6),(3,6),(4,6),(5,6)] 
1964 (7, 12) [(0,3),(1,3),(0,4),(2,4),(1,5),(2,5),(3,5),(0,6),(2,6),(3,6),(4,6),(5,6)] 
1968 (7, 10) [(0,4),(0,5),(1,5),(2,5),(3,5),(0,6),(1,6),(2,6),(3,6),(4,6)] 
1984 (7, 12) [(0,3),(1,4),(2,4),(0,5),(1,5),(3,5),(4,5),(0,6),(2,6),(3,6),(4,6),(5,6)] 
1992 (7, 11) [(0,4),(0,5),(1,5),(2,5),(4,5),(0,6),(1,6),(2,6),(3,6),(4,6),(5,6)] 
2000 (7, 11) [(0,4),(1,4),(0,5),(1,5),(2,5),(3,5),(0,6),(1,6),(2,6),(3,6),(5,6)] 
2008 (7, 11) [(0,3),(0,4),(1,4),(0,5),(1,5),(2,5),(0,6),(1,6),(2,6),(3,6),(4,6)] 
2016 (7, 11) [(0,4),(1,4),(2,4),(0,5),(1,5),(2,5),(3,5),(0,6),(1,6),(3,6),(4,6)] 
2024 (7, 12) [(0,3),(1,3),(0,4),(1,4),(2,4),(0,5),(1,5),(3,5),(0,6),(1,6),(2,6),(4,6)] 
2032 (7, 11) [(0,3),(1,4),(0,5),(1,5),(2,5),(0,6),(1,6),(2,6),(3,6),(4,6),(5,6)] 
2036 (7, 12) [(0,3),(1,3),(0,4),(1,4),(2,4),(0,5),(1,5),(3,5),(0,6),(2,6),(3,6),(5,6)] 
2040 (7, 11) [(0,4),(1,4),(0,5),(2,5),(3,5),(4,5),(0,6),(1,6),(2,6),(3,6),(5,6)] 
2044 (7, 12) [(0,3),(0,4),(1,4),(3,4),(0,5),(2,5),(3,5),(0,6),(1,6),(2,6),(3,6),(4,6)] 
2046 (7, 12) [(0,3),(0,4),(1,4),(0,5),(1,5),(4,5),(0,6),(1,6),(2,6),(3,6),(4,6),(5,6)] 
2048 (7, 11) [(0,3),(1,4),(0,5),(1,5),(2,5),(3,5),(0,6),(1,6),(2,6),(3,6),(4,6)] 
2056 (7, 12) [(0,3),(0,4),(1,4),(3,4),(0,5),(2,5),(3,5),(0,6),(1,6),(2,6),(4,6),(5,6)] 
2060 (7, 12) [(0,3),(1,4),(2,4),(0,5),(1,5),(3,5),(0,6),(1,6),(2,6),(3,6),(4,6),(5,6)] 
2064 (7, 11) [(0,3),(0,4),(1,4),(2,4),(1,5),(2,5),(3,5),(0,6),(1,6),(2,6),(3,6)] 
2084 (7, 12) [(0,3),(1,4),(2,4),(0,5),(1,5),(2,5),(4,5),(0,6),(1,6),(2,6),(3,6),(5,6)] 
2088 (7, 12) [(0,3),(0,4),(1,4),(0,5),(1,5),(3,5),(0,6),(1,6),(2,6),(3,6),(4,6),(5,6)] 
2100 (7, 12) [(0,4),(1,4),(0,5),(1,5),(2,5),(4,5),(0,6),(1,6),(2,6),(3,6),(4,6),(5,6)] 
2108 (7, 12) [(0,3),(1,4),(2,4),(0,5),(1,5),(3,5),(4,5),(0,6),(1,6),(2,6),(3,6),(5,6)] 
2112 (7, 11) [(0,4),(1,4),(0,5),(2,5),(3,5),(4,5),(0,6),(1,6),(2,6),(3,6),(4,6)] 
2120 (7, 12) [(0,3),(0,4),(3,4),(0,5),(1,5),(2,5),(3,5),(0,6),(1,6),(2,6),(3,6),(5,6)] 
2128 (7, 11) [(0,3),(0,4),(1,4),(2,4),(0,5),(1,5),(2,5),(0,6),(1,6),(2,6),(3,6)] 
2140 (7, 12) [(0,3),(1,3),(0,4),(2,4),(0,5),(2,5),(3,5),(0,6),(1,6),(2,6),(4,6),(5,6)] 
2152 (7, 12) [(0,3),(1,4),(2,4),(0,5),(1,5),(4,5),(0,6),(1,6),(2,6),(3,6),(4,6),(5,6)] 
2160 (7, 11) [(0,4),(1,4),(2,5),(3,5),(4,5),(0,6),(1,6),(2,6),(3,6),(4,6),(5,6)] 
2168 (7, 12) [(0,3),(1,4),(2,4),(0,5),(1,5),(2,5),(4,5),(0,6),(1,6),(2,6),(3,6),(4,6)] 
2176 (7, 12) [(0,3),(0,4),(1,4),(0,5),(1,5),(2,5),(3,5),(0,6),(1,6),(2,6),(3,6),(5,6)] 
2180 (7, 12) [(0,3),(0,4),(1,4),(3,4),(0,5),(1,5),(2,5),(0,6),(1,6),(2,6),(3,6),(5,6)] 
2184 (7, 12) [(0,2),(1,3),(0,4),(1,4),(2,4),(0,5),(2,5),(3,5),(0,6),(1,6),(2,6),(3,6)] 
2190 (7, 13) [(0,3),(0,4),(3,4),(0,5),(1,5),(3,5),(4,5),(0,6),(1,6),(2,6),(3,6),(4,6),(5,6)] 
2192 (7, 12) [(0,3),(1,4),(2,4),(0,5),(1,5),(3,5),(4,5),(0,6),(1,6),(2,6),(3,6),(4,6)] 
2196 (7, 12) [(0,3),(1,3),(0,4),(2,4),(3,4),(0,5),(1,5),(2,5),(1,6),(2,6),(3,6),(5,6)] 
2200 (7, 12) [(0,3),(0,4),(1,4),(0,5),(1,5),(2,5),(4,5),(1,6),(2,6),(3,6),(4,6),(5,6)] 
2208 (7, 12) [(0,3),(0,4),(1,4),(2,4),(0,5),(1,5),(2,5),(0,6),(1,6),(3,6),(4,6),(5,6)] 
2224 (7, 12) [(0,3),(1,4),(2,4),(0,5),(1,5),(2,5),(0,6),(1,6),(2,6),(3,6),(4,6),(5,6)] 
2232 (7, 11) [(0,4),(1,4),(0,5),(1,5),(2,5),(3,5),(0,6),(1,6),(2,6),(3,6),(4,6)] 
2240 (7, 12) [(0,3),(1,3),(0,4),(1,4),(2,4),(0,5),(1,5),(3,5),(2,6),(3,6),(4,6),(5,6)] 
2256 (7, 11) [(0,4),(0,5),(1,5),(2,5),(3,5),(0,6),(1,6),(2,6),(3,6),(4,6),(5,6)] 
2264 (7, 12) [(0,3),(1,3),(0,4),(2,4),(3,4),(0,5),(1,5),(2,5),(1,6),(3,6),(4,6),(5,6)] 
2268 (7, 13) [(0,2),(1,3),(0,4),(2,4),(0,5),(1,5),(2,5),(4,5),(0,6),(1,6),(2,6),(3,6),(4,6)] 
2272 (7, 12) [(0,3),(0,4),(1,4),(0,5),(1,5),(2,5),(4,5),(0,6),(1,6),(2,6),(3,6),(4,6)] 
2280 (7, 11) [(0,4),(1,4),(2,4),(0,5),(1,5),(2,5),(3,5),(0,6),(1,6),(2,6),(3,6)] 
2288 (7, 12) [(0,3),(0,4),(1,4),(1,5),(2,5),(3,5),(0,6),(1,6),(2,6),(3,6),(4,6),(5,6)] 
2304 (7, 12) [(0,4),(1,4),(2,4),(0,5),(1,5),(3,5),(0,6),(1,6),(2,6),(3,6),(4,6),(5,6)] 
2316 (7, 12) [(0,3),(1,4),(2,4),(0,5),(1,5),(2,5),(3,5),(0,6),(1,6),(2,6),(3,6),(4,6)] 
2324 (7, 13) [(0,2),(1,3),(0,4),(2,4),(0,5),(1,5),(2,5),(0,6),(1,6),(2,6),(3,6),(4,6),(5,6)] 
2336 (7, 12) [(0,3),(1,4),(0,5),(1,5),(2,5),(3,5),(0,6),(1,6),(2,6),(3,6),(4,6),(5,6)] 
2344 (7, 12) [(0,3),(0,4),(1,4),(2,4),(0,5),(1,5),(2,5),(1,6),(2,6),(3,6),(4,6),(5,6)] 
2352 (7, 12) [(0,4),(1,4),(2,4),(0,5),(1,5),(3,5),(4,5),(0,6),(1,6),(2,6),(3,6),(4,6)] 
2368 (7, 12) [(0,3),(0,4),(1,4),(0,5),(1,5),(2,5),(0,6),(1,6),(2,6),(3,6),(4,6),(5,6)] 
2372 (7, 13) [(0,3),(1,3),(0,4),(2,4),(0,5),(1,5),(2,5),(3,5),(0,6),(2,6),(3,6),(4,6),(5,6)] 
2376 (7, 14) [(0,3),(0,4),(1,4),(3,4),(0,5),(1,5),(3,5),(4,5),(0,6),(1,6),(2,6),(3,6),(4,6),(5,6)] 
2384 (7, 13) [(0,3),(1,3),(0,4),(2,4),(1,5),(2,5),(3,5),(4,5),(1,6),(2,6),(3,6),(4,6),(5,6)] 
2392 (7, 13) [(0,3),(0,4),(1,4),(2,4),(0,5),(1,5),(3,5),(4,5),(0,6),(2,6),(3,6),(4,6),(5,6)] 
2400 (7, 10) [(0,5),(1,5),(2,5),(3,5),(4,5),(0,6),(1,6),(2,6),(3,6),(4,6)] 
2408 (7, 12) [(0,3),(0,4),(1,4),(0,5),(1,5),(2,5),(3,5),(0,6),(1,6),(2,6),(3,6),(4,6)] 
2416 (7, 13) [(0,3),(0,4),(1,4),(3,4),(0,5),(2,5),(3,5),(0,6),(1,6),(2,6),(3,6),(4,6),(5,6)] 
2436 (7, 13) [(0,2),(1,3),(0,4),(2,4),(0,5),(1,5),(2,5),(3,5),(0,6),(1,6),(2,6),(3,6),(4,6)] 
2444 (7, 13) [(0,3),(1,3),(0,4),(1,4),(2,4),(0,5),(1,5),(3,5),(0,6),(1,6),(2,6),(3,6),(5,6)] 
2456 (7, 13) [(0,3),(1,4),(2,4),(0,5),(1,5),(2,5),(4,5),(0,6),(1,6),(2,6),(3,6),(4,6),(5,6)] 
2460 (7, 12) [(0,4),(1,4),(2,4),(0,5),(1,5),(2,5),(3,5),(0,6),(1,6),(2,6),(3,6),(5,6)] 
2464 (7, 13) [(0,3),(0,4),(1,4),(3,4),(0,5),(1,5),(2,5),(3,5),(0,6),(2,6),(3,6),(4,6),(5,6)] 
2480 (7, 13) [(0,3),(1,4),(2,4),(0,5),(1,5),(3,5),(4,5),(0,6),(1,6),(2,6),(3,6),(4,6),(5,6)] 
2484 (7, 13) [(0,3),(1,3),(0,4),(2,4),(1,5),(2,5),(3,5),(0,6),(1,6),(2,6),(3,6),(4,6),(5,6)] 
2496 (7, 11) [(0,4),(0,5),(1,5),(2,5),(3,5),(4,5),(0,6),(1,6),(2,6),(3,6),(4,6)] 
2504 (7, 13) [(0,3),(0,4),(1,4),(2,4),(0,5),(1,5),(2,5),(4,5),(1,6),(2,6),(3,6),(4,6),(5,6)] 
2512 (7, 13) [(0,3),(1,3),(0,4),(2,4),(0,5),(2,5),(3,5),(0,6),(1,6),(2,6),(3,6),(4,6),(5,6)] 
2520 (7, 12) [(0,4),(1,4),(0,5),(1,5),(2,5),(3,5),(0,6),(1,6),(2,6),(3,6),(4,6),(5,6)] 
2528 (7, 13) [(0,3),(0,4),(1,4),(2,4),(1,5),(2,5),(3,5),(4,5),(0,6),(1,6),(3,6),(4,6),(5,6)] 
2532 (7, 13) [(0,3),(1,3),(0,4),(2,4),(0,5),(1,5),(2,5),(3,5),(1,6),(2,6),(3,6),(4,6),(5,6)] 
2544 (7, 12) [(0,4),(1,4),(2,4),(0,5),(1,5),(2,5),(3,5),(0,6),(1,6),(2,6),(3,6),(4,6)] 
2552 (7, 13) [(0,3),(0,4),(1,4),(3,4),(0,5),(1,5),(2,5),(0,6),(1,6),(2,6),(3,6),(4,6),(5,6)] 
2556 (7, 14) [(0,2),(1,3),(0,4),(2,4),(0,5),(1,5),(2,5),(4,5),(0,6),(1,6),(2,6),(3,6),(4,6),(5,6)] 
2560 (7, 13) [(0,3),(0,4),(1,4),(0,5),(1,5),(2,5),(4,5),(0,6),(1,6),(2,6),(3,6),(4,6),(5,6)] 
2576 (7, 13) [(0,3),(0,4),(1,4),(2,4),(0,5),(1,5),(2,5),(4,5),(0,6),(1,6),(2,6),(3,6),(4,6)] 
2588 (7, 13) [(0,3),(0,4),(1,4),(3,4),(0,5),(1,5),(2,5),(3,5),(0,6),(1,6),(2,6),(3,6),(5,6)] 
2592 (7, 12) [(0,3),(1,4),(0,5),(1,5),(2,5),(3,5),(4,5),(0,6),(1,6),(2,6),(3,6),(4,6)] 
2600 (7, 13) [(0,3),(0,4),(1,4),(2,4),(0,5),(1,5),(3,5),(4,5),(0,6),(1,6),(2,6),(3,6),(5,6)] 
2604 (7, 13) [(0,3),(1,4),(2,4),(0,5),(1,5),(2,5),(3,5),(0,6),(1,6),(2,6),(3,6),(4,6),(5,6)] 
2616 (7, 13) [(0,3),(1,3),(0,4),(2,4),(1,5),(2,5),(3,5),(4,5),(0,6),(1,6),(2,6),(3,6),(4,6)] 
2632 (7, 13) [(0,3),(1,3),(0,4),(1,4),(0,5),(1,5),(2,5),(3,5),(0,6),(1,6),(2,6),(3,6),(4,6)] 
2640 (7, 11) [(0,5),(1,5),(2,5),(3,5),(4,5),(0,6),(1,6),(2,6),(3,6),(4,6),(5,6)] 
2672 (7, 13) [(0,3),(0,4),(1,4),(3,4),(0,5),(1,5),(2,5),(3,5),(0,6),(1,6),(2,6),(3,6),(4,6)] 
2676 (7, 13) [(0,3),(1,3),(0,4),(1,4),(2,4),(0,5),(1,5),(2,5),(3,5),(0,6),(1,6),(2,6),(4,6)] 
2688 (7, 13) [(0,3),(0,4),(1,4),(2,4),(1,5),(2,5),(3,5),(0,6),(1,6),(2,6),(3,6),(4,6),(5,6)] 
2696 (7, 13) [(0,3),(0,4),(1,4),(0,5),(1,5),(2,5),(3,5),(0,6),(1,6),(2,6),(3,6),(4,6),(5,6)] 
2704 (7, 13) [(0,3),(0,4),(1,4),(2,4),(0,5),(1,5),(2,5),(0,6),(1,6),(2,6),(3,6),(4,6),(5,6)] 
2720 (7, 14) [(0,3),(1,3),(0,4),(2,4),(3,4),(1,5),(2,5),(3,5),(4,5),(0,6),(1,6),(3,6),(4,6),(5,6)] 
2724 (7, 13) [(0,3),(0,4),(1,4),(2,4),(0,5),(1,5),(2,5),(3,5),(0,6),(1,6),(2,6),(3,6),(5,6)] 
2736 (7, 12) [(0,4),(0,5),(1,5),(2,5),(3,5),(4,5),(0,6),(1,6),(2,6),(3,6),(4,6),(5,6)] 
2744 (7, 14) [(0,3),(1,3),(0,4),(2,4),(0,5),(1,5),(3,5),(4,5),(0,6),(1,6),(2,6),(3,6),(4,6),(5,6)] 
2752 (7, 14) [(0,3),(0,4),(1,4),(3,4),(0,5),(2,5),(3,5),(4,5),(0,6),(1,6),(2,6),(3,6),(4,6),(5,6)] 
2760 (7, 13) [(0,3),(0,4),(3,4),(0,5),(1,5),(2,5),(3,5),(4,5),(0,6),(1,6),(2,6),(3,6),(4,6)] 
2772 (7, 14) [(0,2),(1,3),(0,4),(1,4),(2,4),(0,5),(2,5),(3,5),(4,5),(0,6),(1,6),(3,6),(4,6),(5,6)] 
2780 (7, 14) [(0,3),(1,3),(0,4),(1,4),(3,4),(0,5),(1,5),(2,5),(3,5),(0,6),(1,6),(2,6),(3,6),(5,6)] 
2792 (7, 14) [(0,3),(1,3),(0,4),(1,4),(3,4),(0,5),(2,5),(3,5),(4,5),(0,6),(1,6),(2,6),(3,6),(5,6)] 
2808 (7, 13) [(0,3),(0,4),(1,4),(2,4),(0,5),(1,5),(2,5),(3,5),(0,6),(1,6),(2,6),(3,6),(4,6)] 
2816 (7, 13) [(0,3),(0,4),(1,4),(0,5),(1,5),(2,5),(3,5),(4,5),(0,6),(1,6),(2,6),(3,6),(4,6)] 
2832 (7, 13) [(0,4),(1,4),(2,4),(0,5),(1,5),(2,5),(3,5),(0,6),(1,6),(2,6),(3,6),(4,6),(5,6)] 
2856 (7, 14) [(0,2),(1,3),(0,4),(2,4),(0,5),(1,5),(2,5),(3,5),(4,5),(0,6),(1,6),(2,6),(3,6),(4,6)] 
2864 (7, 14) [(0,3),(0,4),(1,4),(2,4),(0,5),(1,5),(2,5),(4,5),(0,6),(1,6),(2,6),(3,6),(4,6),(5,6)] 
2880 (7, 12) [(0,4),(1,4),(2,4),(3,4),(0,5),(1,5),(2,5),(3,5),(0,6),(1,6),(2,6),(3,6)] 
2888 (7, 14) [(0,3),(0,4),(1,4),(2,4),(0,5),(1,5),(3,5),(4,5),(0,6),(1,6),(2,6),(3,6),(4,6),(5,6)] 
2892 (7, 14) [(0,3),(1,3),(0,4),(2,4),(0,5),(1,5),(2,5),(3,5),(0,6),(1,6),(2,6),(3,6),(4,6),(5,6)] 
2904 (7, 14) [(0,3),(1,3),(0,4),(2,4),(1,5),(2,5),(3,5),(4,5),(0,6),(1,6),(2,6),(3,6),(4,6),(5,6)] 
2920 (7, 14) [(0,3),(1,3),(0,4),(1,4),(0,5),(1,5),(2,5),(3,5),(0,6),(1,6),(2,6),(3,6),(4,6),(5,6)] 
2940 (7, 14) [(0,3),(1,3),(0,4),(2,4),(3,4),(0,5),(1,5),(2,5),(3,5),(0,6),(1,6),(2,6),(3,6),(5,6)] 
2952 (7, 14) [(0,3),(1,3),(0,4),(2,4),(3,4),(1,5),(2,5),(3,5),(4,5),(0,6),(1,6),(2,6),(3,6),(4,6)] 
2960 (7, 14) [(0,3),(0,4),(1,4),(3,4),(0,5),(1,5),(2,5),(3,5),(0,6),(1,6),(2,6),(3,6),(4,6),(5,6)] 
2976 (7, 14) [(0,3),(1,4),(2,4),(0,5),(1,5),(2,5),(3,5),(4,5),(0,6),(1,6),(2,6),(3,6),(4,6),(5,6)] 
3000 (7, 14) [(0,3),(0,4),(3,4),(0,5),(1,5),(2,5),(3,5),(4,5),(0,6),(1,6),(2,6),(3,6),(4,6),(5,6)] 
3008 (7, 14) [(0,3),(0,4),(1,4),(2,4),(3,4),(0,5),(1,5),(2,5),(3,5),(0,6),(1,6),(3,6),(4,6),(5,6)] 
3012 (7, 14) [(0,3),(1,3),(0,4),(1,4),(2,4),(0,5),(1,5),(2,5),(4,5),(0,6),(1,6),(2,6),(3,6),(4,6)] 
3024 (7, 13) [(0,3),(1,3),(2,3),(0,4),(1,4),(2,4),(0,5),(1,5),(2,5),(0,6),(1,6),(2,6),(3,6)] 
3040 (7, 14) [(0,3),(1,3),(0,4),(1,4),(0,5),(1,5),(2,5),(3,5),(4,5),(0,6),(1,6),(2,6),(3,6),(4,6)] 
3056 (7, 14) [(0,3),(0,4),(1,4),(0,5),(1,5),(2,5),(3,5),(4,5),(0,6),(1,6),(2,6),(3,6),(4,6),(5,6)] 
3072 (7, 13) [(0,4),(1,4),(2,4),(3,4),(0,5),(1,5),(2,5),(3,5),(0,6),(1,6),(2,6),(3,6),(4,6)] 
3080 (7, 15) [(0,3),(1,3),(0,4),(1,4),(3,4),(0,5),(2,5),(3,5),(4,5),(0,6),(1,6),(2,6),(3,6),(4,6),(5,6)] 
3096 (7, 14) [(0,3),(0,4),(1,4),(2,4),(0,5),(1,5),(2,5),(3,5),(0,6),(1,6),(2,6),(3,6),(4,6),(5,6)] 
3120 (7, 14) [(0,4),(1,4),(2,4),(0,5),(1,5),(2,5),(3,5),(4,5),(0,6),(1,6),(2,6),(3,6),(4,6),(5,6)] 
3144 (7, 14) [(0,3),(0,4),(1,4),(2,4),(3,4),(0,5),(1,5),(2,5),(3,5),(0,6),(1,6),(2,6),(4,6),(5,6)] 
3152 (7, 15) [(0,3),(1,3),(0,4),(1,4),(3,4),(0,5),(1,5),(2,5),(3,5),(0,6),(1,6),(2,6),(3,6),(4,6),(5,6)] 
3168 (7, 14) [(0,3),(1,3),(2,3),(0,4),(1,4),(2,4),(0,5),(1,5),(2,5),(3,5),(0,6),(1,6),(2,6),(4,6)] 
3192 (7, 15) [(0,2),(0,3),(2,3),(0,4),(1,4),(2,4),(0,5),(1,5),(2,5),(3,5),(0,6),(1,6),(2,6),(4,6),(5,6)] 
3200 (7, 15) [(0,3),(1,3),(0,4),(1,4),(2,4),(3,4),(0,5),(1,5),(2,5),(3,5),(0,6),(1,6),(3,6),(4,6),(5,6)] 
3216 (7, 14) [(0,3),(0,4),(1,4),(2,4),(3,4),(0,5),(1,5),(2,5),(3,5),(0,6),(1,6),(2,6),(3,6),(4,6)] 
3228 (7, 15) [(0,2),(1,3),(0,4),(1,4),(2,4),(0,5),(1,5),(2,5),(3,5),(0,6),(1,6),(2,6),(3,6),(4,6),(5,6)] 
3240 (7, 14) [(0,3),(1,3),(2,3),(0,4),(1,4),(2,4),(0,5),(1,5),(2,5),(0,6),(1,6),(2,6),(3,6),(4,6)] 
3248 (7, 15) [(0,3),(0,4),(1,4),(3,4),(0,5),(1,5),(2,5),(3,5),(4,5),(0,6),(1,6),(2,6),(3,6),(4,6),(5,6)] 
3264 (7, 15) [(0,3),(1,3),(0,4),(2,4),(0,5),(1,5),(2,5),(3,5),(4,5),(0,6),(1,6),(2,6),(3,6),(4,6),(5,6)] 
3276 (7, 15) [(0,2),(1,3),(0,4),(1,4),(2,4),(3,4),(0,5),(1,5),(2,5),(3,5),(0,6),(1,6),(2,6),(4,6),(5,6)] 
3280 (7, 15) [(0,3),(1,3),(0,4),(1,4),(0,5),(1,5),(2,5),(3,5),(4,5),(0,6),(1,6),(2,6),(3,6),(4,6),(5,6)] 
3300 (7, 15) [(0,3),(1,3),(0,4),(1,4),(2,4),(0,5),(1,5),(2,5),(4,5),(0,6),(1,6),(2,6),(3,6),(4,6),(5,6)] 
3312 (7, 15) [(0,3),(1,3),(0,4),(2,4),(3,4),(0,5),(1,5),(2,5),(3,5),(0,6),(1,6),(2,6),(3,6),(4,6),(5,6)] 
3360 (7, 14) [(0,4),(1,4),(2,4),(3,4),(0,5),(1,5),(2,5),(3,5),(0,6),(1,6),(2,6),(3,6),(4,6),(5,6)] 
3384 (7, 15) [(0,3),(0,4),(1,4),(2,4),(0,5),(1,5),(2,5),(3,5),(4,5),(0,6),(1,6),(2,6),(3,6),(4,6),(5,6)] 
3420 (7, 15) [(0,3),(1,3),(2,3),(0,4),(1,4),(2,4),(0,5),(1,5),(2,5),(3,5),(0,6),(1,6),(2,6),(3,6),(5,6)] 
3432 (7, 15) [(0,3),(1,3),(0,4),(1,4),(2,4),(3,4),(0,5),(1,5),(2,5),(3,5),(0,6),(1,6),(2,6),(4,6),(5,6)] 
3440 (7, 16) [(0,3),(1,3),(0,4),(1,4),(3,4),(0,5),(1,5),(2,5),(3,5),(4,5),(0,6),(1,6),(2,6),(3,6),(4,6),(5,6)] 
3480 (7, 16) [(0,2),(0,3),(2,3),(0,4),(1,4),(2,4),(0,5),(1,5),(2,5),(4,5),(0,6),(1,6),(2,6),(3,6),(4,6),(5,6)] 
3504 (7, 15) [(0,3),(0,4),(1,4),(2,4),(3,4),(0,5),(1,5),(2,5),(3,5),(0,6),(1,6),(2,6),(3,6),(4,6),(5,6)] 
3516 (7, 16) [(0,2),(1,3),(0,4),(1,4),(2,4),(0,5),(1,5),(2,5),(3,5),(4,5),(0,6),(1,6),(2,6),(3,6),(4,6),(5,6)] 
3564 (7, 16) [(0,2),(0,3),(2,3),(0,4),(1,4),(2,4),(0,5),(1,5),(2,5),(3,5),(0,6),(1,6),(2,6),(3,6),(4,6),(5,6)] 
3600 (7, 15) [(0,4),(1,4),(2,4),(3,4),(0,5),(1,5),(2,5),(3,5),(4,5),(0,6),(1,6),(2,6),(3,6),(4,6),(5,6)] 
3612 (7, 16) [(0,2),(1,2),(0,3),(1,3),(0,4),(1,4),(2,4),(0,5),(1,5),(2,5),(4,5),(0,6),(2,6),(3,6),(4,6),(5,6)] 
3648 (7, 16) [(0,2),(1,3),(0,4),(1,4),(2,4),(3,4),(0,5),(1,5),(2,5),(3,5),(0,6),(1,6),(2,6),(3,6),(4,6),(5,6)] 
3672 (7, 16) [(0,3),(1,3),(0,4),(1,4),(2,4),(0,5),(1,5),(2,5),(3,5),(4,5),(0,6),(1,6),(2,6),(3,6),(4,6),(5,6)] 
3696 (7, 16) [(0,2),(0,3),(1,3),(0,4),(1,4),(2,4),(3,4),(0,5),(1,5),(2,5),(3,5),(0,6),(1,6),(2,6),(4,6),(5,6)] 
3720 (7, 16) [(0,3),(1,3),(0,4),(1,4),(2,4),(3,4),(0,5),(1,5),(2,5),(3,5),(0,6),(1,6),(2,6),(3,6),(4,6),(5,6)] 
3744 (7, 16) [(0,3),(0,4),(1,4),(2,4),(3,4),(0,5),(1,5),(2,5),(3,5),(4,5),(0,6),(1,6),(2,6),(3,6),(4,6),(5,6)] 
3792 (7, 16) [(0,3),(1,3),(2,3),(0,4),(1,4),(2,4),(0,5),(1,5),(2,5),(3,5),(0,6),(1,6),(2,6),(3,6),(4,6),(5,6)] 
3840 (7, 16) [(0,3),(1,3),(2,3),(0,4),(1,4),(2,4),(0,5),(1,5),(2,5),(3,5),(4,5),(0,6),(1,6),(2,6),(3,6),(4,6)] 
3852 (7, 17) [(0,2),(0,3),(2,3),(0,4),(1,4),(2,4),(0,5),(1,5),(2,5),(3,5),(4,5),(0,6),(1,6),(2,6),(3,6),(4,6),(5,6)] 
3888 (7, 17) [(0,2),(1,3),(0,4),(1,4),(2,4),(3,4),(0,5),(1,5),(2,5),(3,5),(4,5),(0,6),(1,6),(2,6),(3,6),(4,6),(5,6)] 
3900 (7, 17) [(0,2),(1,2),(0,3),(1,3),(0,4),(1,4),(2,4),(0,5),(1,5),(2,5),(4,5),(0,6),(1,6),(2,6),(3,6),(4,6),(5,6)] 
3936 (7, 17) [(0,2),(0,3),(1,3),(0,4),(1,4),(2,4),(0,5),(1,5),(2,5),(3,5),(4,5),(0,6),(1,6),(2,6),(3,6),(4,6),(5,6)] 
3960 (7, 17) [(0,3),(1,3),(0,4),(1,4),(2,4),(3,4),(0,5),(1,5),(2,5),(3,5),(4,5),(0,6),(1,6),(2,6),(3,6),(4,6),(5,6)] 
3984 (7, 17) [(0,2),(0,3),(1,3),(0,4),(1,4),(2,4),(3,4),(0,5),(1,5),(2,5),(3,5),(0,6),(1,6),(2,6),(3,6),(4,6),(5,6)] 
4032 (7, 17) [(0,2),(1,2),(0,3),(1,3),(0,4),(1,4),(2,4),(3,4),(0,5),(1,5),(2,5),(3,5),(0,6),(1,6),(2,6),(3,6),(4,6)] 
4080 (7, 17) [(0,3),(1,3),(2,3),(0,4),(1,4),(2,4),(0,5),(1,5),(2,5),(3,5),(4,5),(0,6),(1,6),(2,6),(3,6),(4,6),(5,6)] 
4140 (7, 18) [(0,2),(0,3),(2,3),(0,4),(1,4),(2,4),(3,4),(0,5),(1,5),(2,5),(3,5),(4,5),(0,6),(1,6),(2,6),(3,6),(4,6),(5,6)] 
4224 (7, 18) [(0,2),(0,3),(1,3),(0,4),(1,4),(2,4),(3,4),(0,5),(1,5),(2,5),(3,5),(4,5),(0,6),(1,6),(2,6),(3,6),(4,6),(5,6)] 
4272 (7, 18) [(0,2),(1,2),(0,3),(1,3),(0,4),(1,4),(2,4),(0,5),(1,5),(2,5),(3,5),(4,5),(0,6),(1,6),(2,6),(3,6),(4,6),(5,6)] 
4320 (7, 18) [(0,3),(1,3),(2,3),(0,4),(1,4),(2,4),(3,4),(0,5),(1,5),(2,5),(3,5),(4,5),(0,6),(1,6),(2,6),(3,6),(4,6),(5,6)] 
4512 (7, 19) [(0,2),(0,3),(1,3),(2,3),(0,4),(1,4),(2,4),(3,4),(0,5),(1,5),(2,5),(3,5),(4,5),(0,6),(1,6),(2,6),(3,6),(4,6),(5,6)] 
4560 (7, 19) [(0,2),(1,2),(0,3),(1,3),(0,4),(1,4),(2,4),(3,4),(0,5),(1,5),(2,5),(3,5),(4,5),(0,6),(1,6),(2,6),(3,6),(4,6),(5,6)] 
4800 (7, 20) [(0,2),(1,2),(0,3),(1,3),(2,3),(0,4),(1,4),(2,4),(3,4),(0,5),(1,5),(2,5),(3,5),(4,5),(0,6),(1,6),(2,6),(3,6),(4,6),(5,6)] 
5040 (7, 21) [(0,1),(0,2),(1,2),(0,3),(1,3),(2,3),(0,4),(1,4),(2,4),(3,4),(0,5),(1,5),(2,5),(3,5),(4,5),(0,6),(1,6),(2,6),(3,6),(4,6),(5,6)] 
