a	b	value(base 10)	value(base a)	value(base b)
2	2	3	11	11
2	3	6643	1100111110011	100010001
2	4	5	101	11
2	5	31	11111	111
2	6	7	111	11
2	7	85	1010101	151
2	8	9	1001	11
2	9	127	1111111	151
2	10	33	100001	33
2	11	255	11111111	212
2	12	65	1000001	55
2	13	313	100111001	1B1
2	14	15	1111	11
2	15	693	1010110101	313
2	16	17	10001	11
2	17	341	101010101	131
2	18	325	101000101	101
2	19	381	101111101	111
2	20	21	10101	11
2	21	1241	10011011001	2H2
2	22	771	1100000011	1D1
2	23	645	1010000101	151
2	24	325	101000101	DD
2	25	951	1110110111	1D1
2	26	27	11011	11
2	27	5461	1010101010101	7D7
2	28	1317	10100100101	1J1
2	29	1161	10010001001	1B1
2	30	31	11111	11
2	31	1241	10011011001	191
2	32	33	100001	11
2	33	1453	10110101101	1B1
2	34	455	111000111	DD
2	35	5709	1011001001101	4N4
2	36	3999	111110011111	333
3	3	4	11	11
3	4	10	101	22
3	5	26	222	101
3	6	28	1001	44
3	7	8	22	11
3	8	121	11111	171
3	9	10	101	11
3	10	121	11111	121
3	11	244	100001	202
3	12	13	111	11
3	13	28	1001	22
3	14	1210	1122211	626
3	15	16	121	11
3	16	68	2112	44
3	17	784	1002001	2C2
3	18	1733	2101012	565
3	19	20	202	11
3	20	1604	2012102	404
3	21	242	22222	BB
3	22	23	212	11
3	23	2096	2212122	3M3
3	24	100	10201	44
3	25	26	222	11
3	26	937	1021201	1A1
3	27	28	1001	11
3	28	203	21112	77
3	29	3280	11111111	3Q3
3	30	1952	2200022	252
3	31	160	12221	55
3	32	1249	1201021	171
3	33	68	2112	22
3	34	280	101101	88
3	35	1366	1212121	141
3	36	14483	201212102	B6B
4	4	5	11	11
4	5	46	232	141
4	6	21	111	33
4	7	85	1111	151
4	8	63	333	77
4	9	10	22	11
4	10	55	313	55
4	11	255	3333	212
4	12	65	1001	55
4	13	42	222	33
4	14	15	33	11
4	15	1265	103301	595
4	16	17	101	11
4	17	341	11111	131
4	18	38	212	22
4	19	514	20002	181
4	20	21	111	11
4	21	2210	202202	505
4	22	46	232	22
4	23	530	20102	101
4	24	25	121	11
4	25	130	2002	55
4	26	9686	2113112	E8E
4	27	2730	222222	3K3
4	28	29	131	11
4	29	150	2112	55
4	30	341	11111	BB
4	31	1365	111111	1D1
4	32	1023	33333	VV
4	33	34	202	11
4	34	105	1221	33
4	35	4833	1023201	3X3
4	36	666	22122	II
5	5	6	11	11
5	6	67	232	151
5	7	24	44	33
5	8	18	33	22
5	9	109	414	131
5	10	88	323	88
5	11	12	22	11
5	12	26	101	22
5	13	98	343	77
5	14	408	3113	212
5	15	1612	22422	727
5	16	119	434	77
5	17	18	33	11
5	18	57	212	33
5	19	438	3223	141
5	20	126	1001	66
5	21	88	323	44
5	22	46	141	22
5	23	24	44	11
5	24	961	12321	1G1
5	25	26	101	11
5	26	216	1331	88
5	27	252	2002	99
5	28	1457	21312	1O1
5	29	1016	13031	161
5	30	31	111	11
5	31	5616	134431	5Q5
5	32	594	4334	II
5	33	408	3113	CC
5	34	1327	20302	151
5	35	36	121	11
5	36	1221	14341	XX
6	6	7	11	11
6	7	92	232	161
6	8	154	414	232
6	9	80	212	88
6	10	55	131	55
6	11	166	434	141
6	12	104	252	88
6	13	14	22	11
6	14	135	343	99
6	15	80	212	55
6	16	385	1441	181
6	17	1211	5335	434
6	18	209	545	BB
6	19	80	212	44
6	20	21	33	11
6	21	154	414	77
6	22	92	232	44
6	23	1036	4444	1M1
6	24	5890	43134	A5A
6	25	104	252	44
6	26	135	343	55
6	27	28	44	11
6	28	203	535	77
6	29	2293	14341	2L2
6	30	217	1001	77
6	31	160	424	55
6	32	693	3113	LL
6	33	476	2112	EE
6	34	35	55	11
6	35	9037	105501	7D7
6	36	37	101	11
7	7	8	11	11
7	8	121	232	171
7	9	40	55	44
7	10	121	232	121
7	11	24	33	22
7	12	78	141	66
7	13	235	454	151
7	14	135	252	99
7	15	16	22	11
7	16	85	151	55
7	17	307	616	111
7	18	57	111	33
7	19	40	55	22
7	20	1944	5445	4H4
7	21	242	464	BB
7	22	92	161	44
7	23	24	33	11
7	24	50	101	22
7	25	78	141	33
7	26	135	252	55
7	27	1432	4114	1Q1
7	28	7149	26562	939
7	29	150	303	55
7	30	744	2112	OO
7	31	32	44	11
7	32	264	525	88
7	33	680	1661	KK
7	34	9902	40604	8J8
7	35	16008	64446	D2D
7	36	185	353	55
8	8	9	11	11
8	9	154	232	181
8	10	121	171	121
8	11	36	44	33
8	12	65	101	55
8	13	154	232	BB
8	14	45	55	33
8	15	316	474	161
8	16	170	252	AA
8	17	18	22	11
8	18	325	505	101
8	19	260	404	DD
8	20	63	77	33
8	21	154	232	77
8	22	138	212	66
8	23	3663	7117	6L6
8	24	300	454	CC
8	25	130	202	55
8	26	27	33	11
8	27	308	464	BB
8	28	203	313	77
8	29	300	454	AA
8	30	186	272	66
8	31	1458	2662	1G1
8	32	495	757	FF
8	33	170	252	55
8	34	105	151	33
8	35	36	44	11
8	36	333	515	99
9	9	10	11	11
9	10	191	232	191
9	11	60	66	55
9	12	91	111	77
9	13	70	77	55
9	14	30	33	22
9	15	80	88	55
9	16	136	161	88
9	17	528	646	10
9	18	209	252	BB
9	19	20	22	11
9	20	273	333	DD
9	21	154	181	77
9	22	391	474	HH
9	23	264	323	BB
9	24	50	55	22
9	25	182	222	77
9	26	1640	2222	2B2
9	27	364	444	DD
9	28	145	171	55
9	29	30	33	11
9	30	6967	10501	7M7
9	31	2730	3663	2Q2
9	32	264	323	88
9	33	136	161	44
9	34	70	77	22
9	35	6200	8448	525
9	36	555	676	FF
10	10	11	11	11
10	11	232	232	1A1
10	12	181	181	131
10	13	222	222	141
10	14	323	323	191
10	15	828	828	3A3
10	16	353	353	161
10	17	252	252	EE
10	18	171	171	99
10	19	666	666	1G1
10	20	252	252	CC
10	21	22	22	11
10	22	161	161	77
10	23	737	737	191
10	24	525	525	LL
10	25	494	494	JJ
10	26	989	989	1C1
10	27	252	252	99
10	28	232	232	88
10	29	929	929	131
10	30	434	434	EE
10	31	1551	1551	1J1
10	32	33	33	11
10	33	272	272	88
10	34	525	525	FF
10	35	252	252	77
10	36	111	111	33
11	11	12	11	11
11	12	277	232	1B1
11	13	84	77	66
11	14	60	55	44
11	15	48	44	33
11	16	221	191	DD
11	17	36	33	22
11	18	133	111	77
11	19	60	55	33
11	20	84	77	44
11	21	610	505	181
11	22	299	252	DD
11	23	24	22	11
11	24	865	717	1C1
11	25	598	4A4	NN
11	26	108	99	44
11	27	84	77	33
11	28	232	1A1	88
11	29	60	55	22
11	30	155	131	55
11	31	96	88	33
11	32	1153	959	141
11	33	476	3A3	EE
11	34	210	181	66
11	35	36	33	11
11	36	1297	A7A	101
12	12	13	11	11
12	13	326	232	1C1
12	14	253	191	141
12	15	241	181	111
12	16	1172	818	494
12	17	290	202	101
12	18	1462	A1A	494
12	19	362	262	101
12	20	761	535	1I1
12	21	374	272	HH
12	22	253	191	BB
12	23	737	515	191
12	24	350	252	EE
12	25	26	22	11
12	26	459	323	HH
12	27	616	434	MM
12	28	145	101	55
12	29	9581	5665	BBB
12	30	217	161	77
12	31	640	454	KK
12	32	495	353	FF
12	33	374	272	BB
12	34	350	252	AA
12	35	1401	989	151
12	36	555	3A3	FF
13	13	14	11	11
13	14	379	232	1D1
13	15	112	88	77
13	16	170	101	AA
13	17	126	99	77
13	18	209	131	BB
13	19	140	AA	77
13	20	42	33	22
13	21	154	BB	77
13	22	483	2B2	LL
13	23	168	CC	77
13	24	300	1A1	CC
13	25	876	525	1A1
13	26	405	252	FF
13	27	28	22	11
13	28	261	171	99
13	29	300	1A1	AA
13	30	248	161	88
13	31	640	3A3	KK
13	32	627	393	JJ
13	33	170	101	55
13	34	70	55	22
13	35	1856	ACA	1I1
13	36	222	141	66
14	14	15	11	11
14	15	436	232	10
14	16	337	1A1	151
14	17	90	66	55
14	18	323	191	HH
14	19	60	44	33
14	20	105	77	55
14	21	2167	B0B	4J4
14	22	253	141	BB
14	23	120	88	55
14	24	75	55	33
14	25	520	292	KK
14	26	135	99	55
14	27	1027	535	1B1
14	28	464	252	GG
14	29	30	22	11
14	30	1111	595	171
14	31	576	2D2	II
14	32	165	BB	55
14	33	408	212	CC
14	34	105	77	33
14	35	180	CC	55
14	36	703	383	JJ
15	15	16	11	11
15	16	497	232	1F1
15	17	144	99	88
15	18	361	191	121
15	19	80	55	44
15	20	421	1D1	111
15	21	176	BB	88
15	22	391	1B1	HH
15	23	48	33	22
15	24	1009	474	1I1
15	25	208	DD	88
15	26	1145	515	1I1
15	27	112	77	44
15	28	406	1C1	EE
15	29	1190	545	1C1
15	30	527	252	HH
15	31	32	22	11
15	32	693	313	LL
15	33	1054	4A4	VV
15	34	1973	8B8	1O1
15	35	144	99	44
15	36	888	3000	OO
16	16	17	11	11
16	17	562	232	1G1
16	18	433	1B1	161
16	19	514	202	181
16	20	273	111	DD
16	21	610	262	181
16	22	771	303	1D1
16	23	530	212	101
16	24	3341	D0D	5J5
16	25	546	222	LL
16	26	594	252	MM
16	27	1108	454	10
16	28	754	2F2	QQ
16	29	690	2B2	NN
16	30	465	1D1	FF
16	31	1365	555	1D1
16	32	594	252	II
16	33	34	22	11
16	34	385	181	BB
16	35	1044	414	TT
16	36	481	10	DD
17	17	18	11	11
17	18	631	232	1H1
17	19	180	AA	99
17	20	126	77	66
17	21	198	BB	99
17	22	460	1A1	KK
17	23	72	44	33
17	24	375	151	FF
17	25	234	DD	99
17	26	54	33	22
17	27	252	EE	99
17	28	290	101	AA
17	29	90	55	33
17	30	341	131	BB
17	31	288	GG	99
17	32	198	BB	66
17	33	1552	565	10
17	34	665	252	JJ
17	35	36	22	11
17	36	2882	9G9	282
18	18	19	11	11
18	19	704	232	1I1
18	20	541	1C1	171
18	21	505	1A1	131
18	22	595	1F1	151
18	23	668	212	161
18	24	325	101	DD
18	25	776	272	161
18	26	1119	383	1H1
18	27	4893	F1F	6J6
18	28	1065	353	1A1
18	29	1480	4A4	1M1
18	30	2672	848	2T2
18	31	704	232	MM
18	32	1281	3H3	181
18	33	884	2D2	QQ
18	34	595	1F1	HH
18	35	1751	575	1F1
18	36	740	252	KK
19	19	20	11	11
19	20	781	232	1J1
19	21	220	BB	AA
19	22	1124	323	272
19	23	120	66	55
19	24	100	55	44
19	25	260	DD	AA
19	26	781	232	141
19	27	140	77	55
19	28	609	1D1	LL
19	29	60	33	22
19	30	1771	4H4	1T1
19	31	160	88	55
19	32	495	171	FF
19	33	340	HH	AA
19	34	140	77	44
19	35	180	99	55
19	36	666	1G1	II
20	20	21	11	11
20	21	862	232	1K1
20	22	661	1D1	181
20	23	168	88	77
20	24	601	1A1	111
20	25	701	1F1	131
20	26	189	99	77
20	27	84	44	33
20	28	2887	747	3J3
20	29	210	AA	77
20	30	6817	H0H	7H7
20	31	962	282	101
20	32	231	BB	77
20	33	1684	444	1I1
20	34	105	55	33
20	35	252	CC	77
20	36	481	141	DD
21	21	22	11	11
21	22	947	232	1L1
21	23	264	CC	BB
21	24	673	1B1	141
21	25	286	DD	BB
21	26	989	252	1C1
21	27	308	EE	BB
21	28	841	1J1	121
21	29	330	FF	BB
21	30	589	171	JJ
21	31	352	GG	BB
21	32	66	33	22
21	33	374	HH	BB
21	34	1157	2D2	101
21	35	396	II	BB
21	36	1073	292	TT
22	22	23	11	11
22	23	1036	232	1M1
22	24	793	10	191
22	25	1477	313	292
22	26	859	1H1	171
22	27	1432	2L2	1Q1
22	28	551	131	JJ
22	29	1190	2A2	1C1
22	30	837	1G1	RR
22	31	1675	3A3	1N1
22	32	1697	3B3	1L1
22	33	9215	J0J	8F8
22	34	595	151	HH
22	35	1080	252	UU
22	36	925	1K1	PP
23	23	24	11	11
23	24	1129	232	1N1
23	25	312	DD	CC
23	26	216	99	88
23	27	168	77	66
23	28	783	1B1	RR
23	29	120	55	44
23	30	806	1C1	QQ
23	31	96	44	33
23	32	264	BB	88
23	33	408	HH	CC
23	34	875	1F1	PP
23	35	72	33	22
23	36	1036	1M1	SS
24	24	25	11	11
24	25	1226	232	1O1
24	26	937	1F1	1A1
24	27	865	1C1	151
24	28	841	1B1	121
24	29	150	66	55
24	30	961	1G1	121
24	31	1706	2N2	1O1
24	32	1057	1K1	111
24	33	3005	555	2P2
24	34	175	77	55
24	35	1226	232	101
24	36	11564	K1K	8X8
25	25	26	11	11
25	26	1327	232	1P1
25	27	364	EE	DD
25	28	1878	303	2B2
25	29	390	FF	DD
25	30	651	111	LL
25	31	416	GG	DD
25	32	726	141	MM
25	33	442	HH	DD
25	34	1327	232	151
25	35	468	II	DD
25	36	851	191	NN
26	26	27	11	11
26	27	1432	232	1Q1
26	28	1093	1G1	1B1
26	29	270	AA	99
26	30	1171	1J1	191
26	31	1458	242	1G1
26	32	297	BB	99
26	33	1354	202	181
26	34	1015	1D1	TT
26	35	108	44	33
26	36	703	111	JJ
27	27	28	11	11
27	28	1541	232	1R1
27	29	420	FF	EE
27	30	1081	1D1	161
27	31	224	88	77
27	32	5028	6O6	4T4
27	33	476	HH	EE
27	34	140	55	44
27	35	252	99	77
27	36	1297	1L1	101
28	28	29	11	11
28	29	1654	232	1S1
28	30	1261	1H1	1C1
28	31	3196	424	3A3
28	32	1121	1C1	131
28	33	2411	323	272
28	34	1429	1N1	181
28	35	1261	1H1	111
28	36	925	151	PP
29	29	30	11	11
29	30	1771	232	1T1
29	31	480	GG	FF
29	32	330	BB	AA
29	33	510	HH	FF
29	34	210	77	66
29	35	180	66	55
29	36	1945	292	1I1
30	30	31	11	11
30	31	1892	232	1U1
30	32	1441	1I1	1D1
30	33	1321	10	171
30	34	1531	1L1	1B1
30	35	1261	1C1	111
30	36	1441	1I1	141
31	31	32	11	11
31	32	2017	232	1V1
31	33	544	HH	GG
31	34	3879	414	3C3
31	35	288	99	88
31	36	962	101	QQ
32	32	33	11	11
32	33	2146	232	1W1
32	34	1633	1J1	10
32	35	396	CC	BB
32	36	1441	1D1	141
33	33	34	11	11
33	34	2279	232	1X1
33	35	612	II	HH
33	36	1585	1F1	181
34	34	35	11	11
34	35	2416	232	1Y1
34	36	1837	1K1	1F1
35	35	36	11	11
35	36	2557	232	1Z1
36	36	37	11	11
