TableII List of Simple Perfect Squared 2x1 Rectangles of order 26


length =        308 width =        154
(79,83,50,51,45)(6,39)(49,1)(25,33)(15,10)(75,4)(71,16)(2,70)(12)(8,7)(19)(55,18)(37)

length =        312 width =        156
(85,87,66,74)(21,37,8)(82)(36,20,27,2)(25,69,16)(53)(13,7)(15,44)(4,9)(35,1)(5)(29)

length =        312 width =        156
(91,61,81,79)(33,28)(2,77)(8,75)(36)(65,23,3)(20,16)(5,11)(42,1)(6)(13,4)(9,31)(22)

length =        316 width =        158
(85,48,47,27,34,75)(20,7)(41)(1,66)(49)(33,83)(73,12)(61)(9,24)(45,17,4)(13)(28,2)(26)

length =        322 width =        161
(95,84,67,76)(17,41,9)(85)(22,34,21,24)(66,29)(18,3)(10,12)(15,53)(8,2)(43,5)(38)(37)

length =        326 width =        163
(92,54,47,59,74)(7,40)(30,31)(44,15)(89)(29,1)(22,8,2)(6,20,16)(71,21)(14)(60)(56)(50)

length =        328 width =        164
(92,89,55,47,45)(2,43)(8,41)(34,29)(24,5)(1,7,76)(3,26,75,19)(6)(72,23)(13)(56)(49)

length =        352 width =        176
(92,100,75,85)(30,21,14,10)(4,91)(18)(84,8)(9,12)(76,27,5)(22,19,3)(1,17)(16)(52)(49)

length =        368 width =        184
(98,67,91,60,52)(8,44)(31,37)(43,24)(19,93,34)(1,11,32)(28,10)(86,12)(21)(74)(59,3)(56)

length =        376 width =        188
(97,103,45,39,92)(17,22)(34,11)(23,5)(27)(48,9)(32,4)(96)(91,6)(85,24)(7,25)(61,18)(43)

length =        384 width =        192
(115,45,44,87,93)(1,43)(46)(19,105,6)(31,15)(99)(34)(77,26,12)(5,8,18)(14,3)(11)(52)(51)

length =        428 width =        214
(130,83,96,119)(70,13)(62,47)(24,95)(84,46)(71)(31,28,11)(6,56)(17)(38,8)(12,33)(30,9)(21)

length =        444 width =        222
(135,83,114,112)(52,31)(2,110)(39,108)(87,45,32,23)(5,34)(28)(13,19)(42,16)(10,36,1)(35)(26)

length =        452 width =        226
(126,56,76,82,112)(36,20)(21,69,6)(58,30)(31,5)(26)(28,114)(3,32,22)(100,29)(86)(10,81)(71)

length =        452 width =        226
(126,56,76,82,112)(36,20)(29,61,6)(58,30)(23,13)(10,32)(28,114)(11,22)(100,37)(26,89)(86)(63)

length =        456 width =        228
(116,120,56,75,89)(37,19)(28,66)(34,55)(27,10)(38)(112,4)(108,43)(13,21)(5,8)(22,87)(84)(65)

length =        458 width =        229
(137,66,46,81,128)(20,26)(63,23)(17,9)(48,42)(40)(37,5)(32,101)(51,100)(92,45)(69)(2,49)(47)

length =        464 width =        232
(129,104,135,96)(39,57)(51,53)(103,26)(22,97,37,18)(19,15,14,27)(77)(75)(1,13)(4,12)(60)(52)

length =        464 width =        232
(150,106,77,131)(29,48)(66,50,19)(31,36)(30,101)(82,40,28)(76,5)(71)(6,60)(12,22)(42,10)(32)

length =        468 width =        234
(133,141,87,107)(67,20)(127)(101,24,8)(16,49,30,41,13)(80)(40)(19,11)(52)(7,17,44)(37,10)(27)

length =        480 width =        240
(125,135,111,109)(46,63)(23,30,58)(115,10)(16,7)(105,40)(9,28)(25)(29,17)(71,15)(12,68)(65)(56)

length =        488 width =        244
(129,78,105,97,79)(51,27)(18,61)(8,64,43)(84,56)(115,65)(104)(37,83)(20,55,9)(50,15)(46)(35)

length =        500 width =        250
(139,105,51,75,130)(23,15,13)(2,11)(8,9)(31)(30,65)(62,69,35)(10,120)(111,28)(110)(83,7)(76)

length =        500 width =        250
(144,105,54,80,117)(28,26)(2,9,58,37)(23,7)(16)(47,64,33)(21,133)(112)(106,38)(30,17)(81)(68)

length =        536 width =        268
(138,146,120,132)(58,62)(75,57)(130,8)(122,32)(90)(37,25)(23,34)(12,61,22,5)(17,11)(49)(45)(39)

length =        540 width =        270
(140,150,123,127)(67,56)(55,72)(130,10)(120,40)(11,45)(37,18)(80,38)(1,71)(19)(5,51)(4,46)(42)

length =        544 width =        272
(166,150,103,125)(81,22)(147)(37,39,47,27)(106,60)(20,7)(88)(35,2)(33,8)(75)(18,50)(46,14)(32)

length =        560 width =        280
(156,73,70,44,62,155)(26,18)(22,58)(3,79,14)(76)(36)(29,65)(7,46,131)(30,125)(124,39)(95)(85)

length =        564 width =        282
(153,73,100,108,130)(38,35)(8,92)(15,28)(86,22)(26,12)(14,13)(152)(41)(40)(129,24)(105)(90,2)(88)

length =        568 width =        284
(157,119,148,144)(38,28,24,29)(19,5)(4,140)(13,15)(50,136)(127,48,17,3)(14,2)(36)(31)(86)(79)

length =        572 width =        286
(164,158,71,56,123)(15,14,27)(1,13)(87)(40)(163)(6,54,57,128)(122,48)(74,28)(25,32)(46,7)(39)

length =        578 width =        289
(160,136,123,159)(58,65)(55,34,47)(29,130)(129,31)(21,13)(51,7)(17,43)(101)(98,9)(26)(63,6)(57)

length =        584 width =        292
(150,158,120,81,75)(29,46)(58,23)(35,17)(70,31,19)(63)(12,55,45)(142,8)(43)(134,32)(108)(102)(98)

length =        610 width =        305
(161,68,38,46,120,95,82)(30,8)(22,32)(110,10)(42)(13,69)(25,27,56)(185,2)(29)(154)(144,17)(127)

length =        612 width =        306
(166,120,165,161)(75,45)(16,145)(141,56,13)(140,26)(1,15)(14)(23,3)(29)(20,58)(43)(85)(5,53)(48)

length =        628 width =        314
(174,136,81,88,149)(69,12)(5,22,61)(17)(39)(72,64)(1,21,62,165)(50,20)(41)(140,34)(114)(106)(103)

length =        630 width =        315
(170,116,153,86,105)(67,19)(48,31,45)(79,37)(17,14)(3,56)(42,68,162,53)(145,25)(120,26)(109)(94)

length =        650 width =        325
(188,192,134,136)(78,56)(54,82)(137,47,4)(22,29,31,28)(43,133,20)(113,7)(3,107)(36)(34)(90)(70)

length =        654 width =        327
(167,174,105,75,52,81)(23,29)(30,68)(110)(97,38)(58,48)(160,7)(153,28)(22,136)(46,12)(125)(34)(80)

length =        654 width =        327
(182,139,168,165)(80,59)(3,162)(30,66,75)(145,37)(21,32,36)(108,19,11)(8,35)(93,9)(27)(84)(62)

length =        662 width =        331
(189,188,110,76,99)(34,42)(19,80)(75,69)(61)(58,152)(3,72)(48,143)(142,47)(95)(20,38)(74,18)(56)

length =        664 width =        332
(185,149,92,79,159)(13,66)(105)(52,14)(36,43,70)(173)(147,51,23)(16,27)(22,135)(28,11)(17,113)(96)

length =        666 width =        333
(197,141,99,82,147)(17,65)(42,74)(103,80)(26,186)(48,52)(136,61)(112,16)(12,40)(28)(14,89)(75)(68)

length =        668 width =        334
(179,96,85,54,77,177)(31,23)(8,92)(11,113)(107)(29,35,28)(20,157)(155,24)(48)(136,6)(131)(41)(89)

length =        668 width =        334
(180,104,106,101,177)(5,96)(102,2)(49,64)(34,15)(19,33,27)(20,157)(154,26)(53)(6,137)(39)(128)(92)

length =        670 width =        335
(190,127,181,172)(61,36,30)(6,24)(25,17)(9,163)(16,1)(15,46,154)(47,39)(145,45)(31)(8,108)(100)

length =        672 width =        336
(187,152,194,139)(55,84)(73,79)(149,38)(78,142,29)(113)(111)(46,33)(13,20)(14,64)(59)(18,2)(16)(34)

length =        688 width =        344
(175,161,178,174)(20,46,27,35,33)(4,170)(169,6)(16,166)(26)(19,8)(2,47)(45)(57,34)(23,103)(80)

length =        698 width =        349
(202,203,124,169)(79,45)(34,180)(147,55)(54,41,75,146)(13,28)(92,30)(15,7,6)(1,9,71)(8)(62)

length =        704 width =        352
(179,118,120,162,125)(61,57)(78,42)(37,88)(190,51)(32,25)(173,67)(20,58)(7,18)(39)(139)(38)(106)(96)

length =        704 width =        352
(199,184,136,185)(48,43,45)(5,13,25)(23,22)(61,168,8)(18,167)(21)(153,46)(40)(9,39)(30)(109)(107)

length =        708 width =        354
(228,202,120,158)(82,38)(196)(61,71,152)(126,57,45)(51,10)(12,33)(81)(69)(25,8)(19,40)(23,2)(21)

length =        708 width =        354
(228,202,120,158)(82,38)(196)(71,61,152)(126,57,45)(10,51)(12,81,33)(69)(25,8)(19,40)(23,2)(21)

length =        712 width =        356
(192,220,124,75,101)(49,26)(23,104)(115,81)(164,28)(34,151)(136,66,27,19)(8,43,117)(35)(4,74)(70)

length =        714 width =        357
(202,201,128,183)(73,55)(64,174)(12,7,16,37,156,46)(155,36,11)(3,4)(2,1)(5)(25)(21)(119)(110)

length =        740 width =        370
(200,120,130,113,177)(49,64)(110,10)(108,32)(52,29)(14,34,193)(23,20)(170,30)(54)(24,51)(140)(132)(105)

length =        746 width =        373
(212,210,200,124)(61,63)(15,26,20)(18,45)(10,173,32)(11,27)(2,55,163)(21,5)(161,53)(16)(141)(108)

length =        748 width =        374
(216,115,125,101,73,118)(28,45)(24,88,17)(105,10)(71,109)(95,64)(185,38)(158,54,4)(50,154)(147)(104)

length =        750 width =        375
(195,203,127,88,137)(39,49)(76,90)(80,106)(180,15)(9,20,64,172,14)(13,2)(11)(158,26)(44)(132)(108)

length =        756 width =        378
(221,164,151,220)(54,97)(92,41,31)(10,21)(51)(11,43)(32)(62,158)(157,64)(8,130,34)(29,122)(96)(93)

length =        758 width =        379
(230,117,91,63,98,159)(28,35)(26,86,7)(79,61)(83,60)(220)(23,202)(30,76)(149,65,46)(19,103)(84)

length =        766 width =        383
(220,222,124,200)(63,61)(20,26,15)(45,18)(32,183)(27,11)(5,21)(16)(163,55,2)(53,161,10)(151)(108)

length =        768 width =        384
(232,167,214,155)(59,96)(97,70)(66,170,37)(152,80)(27,43)(133)(56,47,21)(5,104)(26)(73)(72,8)(64)

length =        792 width =        396
(217,152,97,139,187)(55,42)(13,120,48)(103,117)(72,70,93)(179,38)(141)(47,23)(10,137,45)(127)(116)(92)

length =        792 width =        396
(236,228,147,181)(113,34)(215)(25,168,35)(160,59,17)(42)(3,41,69)(38)(101)(51,28)(30,67)(44,7)(37)

length =        792 width =        396
(258,148,117,88,181)(29,59)(31,85,30)(55,34)(125,54)(215)(194)(138,73,32,15)(17,123)(49)(65,8)(57)

length =        792 width =        396
(258,206,147,181)(113,34)(215)(67,85,54)(138,73,32,15)(31,136)(17,47,18)(49)(29,105)(76)(65,8)(57)

length =        798 width =        399
(239,151,122,102,184)(20,82)(29,113)(92,88)(51,215)(164)(160,79)(23,65)(73,19)(42)(12,95)(2,83)(81)

length =        810 width =        405
(229,212,145,224)(67,78)(70,193,16)(5,8,19,45,1)(44,181)(18,3)(176,53)(11)(4,26)(22)(137)(123)

length =        810 width =        405
(235,209,154,212)(96,58)(51,41,72,45)(77,193)(170,65)(10,31)(4,53,39)(49)(40,21)(124)(116)(105)(102)

length =        818 width =        409
(225,169,114,110,200)(4,57,49)(118)(8,41)(65)(68,101)(32,209)(184,29,12)(38,177)(17,63)(46)(139)(109)

length =        820 width =        410
(239,206,156,219)(93,63)(66,97,43)(91,191)(171,68)(75,61)(35,31)(107,21)(103)(14,38,100)(86,24)(62)

length =        822 width =        411
(219,225,167,211)(58,65,44)(23,32,200)(192,27)(21,69,186,7)(52,18,2)(16,9)(41)(48)(34)(127)(117)

length =        822 width =        411
(235,236,135,216)(69,66)(51,15)(21,48)(36,195)(8,13)(3,5)(176,59)(58,175,6)(4,14)(10)(159)(117)

length =        824 width =        412
(236,130,224,234)(67,63)(32,31)(39,28)(1,188,66)(18,43)(56,178)(176,92,7)(25)(68)(122)(84,8)(76)

length =        840 width =        420
(260,151,195,234)(83,68)(24,84,87)(32,60)(66,17)(48,186)(49)(160,65,35)(141,3)(138)(30,5)(120)(95)

length =        844 width =        422
(225,193,214,212)(32,92,69)(2,210)(48,74,94)(197,60)(23,61,33)(137,38)(7,47,20)(40)(114)(99)(87)

length =        858 width =        429
(237,180,188,127,126)(1,125)(65,63)(102,78)(70,47,71)(2,61)(67)(23,24)(192,45)(8,178)(171)(170)(147)

length =        862 width =        431
(246,244,113,101,158)(12,89)(125)(32,126)(48,73)(6,90,77)(63,187)(185,61)(52,21)(147)(124)(13,116)(103)

length =        864 width =        432
(245,232,159,228)(40,47,72)(33,7)(20,34)(6,14)(3,21,204)(57,18)(71,200)(48)(187,58)(39)(144)(129)

length =        864 width =        432
(247,248,165,204)(72,54,39)(15,228)(69)(8,13,51)(3,5)(185,62)(61,184,6)(4,14)(10)(24)(144)(123)

length =        876 width =        438
(247,167,237,225)(77,50,40)(10,30)(27,33)(12,213)(13,65,201)(59,39,6)(191,56)(52)(20,19)(136)(135)

length =       1016 width =        508
(234,297,281,204)(77,127)(171,63)(81,227,50)(84,211,65)(177)(146)(24,60)(103,56,36)(29,67)(47,9)(38)

length =       1030 width =        515
(319,270,202,239)(165,37)(276)(156,114)(196,123)(17,148)(131)(28,39,89)(73,38,12)(29,11)(50)(35,3)(32)

length =       1034 width =        517
(284,174,266,144,166)(122,22)(188)(82,92)(72,10)(126,251,113)(233,51)(7,65)(58)(25,163)(138)(1,125)(124)

length =       1040 width =        520
(315,301,211,213)(90,121)(83,130)(36,47)(70,71,219,31)(205,110)(188)(177)(69,1)(72)(95,15)(80,4)(76)

length =       1048 width =        524
(298,209,257,284)(161,48)(180,98,27)(71,240)(226,72)(169)(154,79)(16,36,41,87)(75,4)(20)(51,5)(46)

length =       1058 width =        529
(316,200,260,128,154)(70,58)(32,122)(90)(33,37)(140,60)(29,4)(41)(80,269)(253)(213,79,24)(55,189)(134)

length =       1064 width =        532
(302,288,183,291)(105,78)(20,23,35)(17,3)(14,12)(86,244,53,10)(50,241)(2,45)(43)(230,72)(191)(158)

length =       1070 width =        535
(348,165,284,273)(94,71)(23,48)(117)(11,262)(92,251)(187,87,74)(50,159)(13,57,4)(54)(100)(56,1)(55)

length =       1090 width =        545
(301,354,190,245)(135,55)(300)(244,57)(17,22,96)(12,5)(27)(4,65,191,86,20)(61)(47)(126)(19,124)(105)

length =       1104 width =        552
(315,312,118,186,173)(73,45)(28,17)(13,160)(11,6)(117,88)(112)(29,59)(9,249)(81,240)(237,78)(219)(159)

length =       1106 width =        553
(296,235,293,282)(61,30,29,57,58)(1,28)(31)(11,271)(38,47)(102,260)(257,97,34)(63,9)(56)(160)(158)

length =       1110 width =        555
(315,214,297,284)(131,83)(13,271)(135,258)(240,45,30)(15,47,99)(37,23)(14,9)(56)(51)(12,123)(111)(107)

length =       1116 width =        558
(311,256,282,267)(119,137)(108,159)(83,76,123)(247,64)(7,69)(28,62)(183)(30,78)(165)(153)(27,132)(131)(105)

length =       1122 width =        561
(303,180,192,211,236)(168,12)(204)(137,74)(49,59,128)(113,10)(69)(258,45)(213)(87,50)(197)(165,39)(163)(126)

length =       1122 width =        561
(314,344,250,214)(36,178)(135,151)(247,67)(37,49,217,41)(92,12)(176)(9,169)(61)(160)(19,42)(88,23)(65)

length =       1122 width =        561
(315,276,258,273)(18,76,149,15)(288)(108,125,61)(246,69)(3,73)(64)(177)(160,23,6)(17,57,154)(40)(97)

length =       1122 width =        561
(321,324,173,186,118)(45,73)(17,28)(160,13)(6,11)(88,117)(112)(59,29)(258)(240,81)(78,237,9)(228)(159)

length =       1126 width =        563
(320,129,146,241,290)(112,17)(163)(67,45)(68,132,41)(33,8)(22,23)(25,273)(89)(254)(58)(243,77)(190)(166)

length =       1134 width =        567
(339,285,220,290)(82,55,83)(27,28)(159,126)(13,277)(109)(124)(228,111)(63,156,16)(140)(6,123,30)(117)(93)

length =       1142 width =        571
(341,223,260,318)(161,62)(25,112,123)(87)(65,253)(117,121,60,43)(199)(188)(17,187)(77)(113,4)(109,16)(93)

length =       1144 width =        572
(322,291,227,304)(64,86,77)(103,100,152)(9,104,268)(95)(250,72)(3,97)(178)(35,164)(58,129)(84,13)(71)

length =       1146 width =        573
(297,270,182,157,240)(25,132)(100,107)(49,60,131)(48,117,105)(93,7)(284,11)(276,21)(71)(69)(202)(198)(186)

length =       1154 width =        577
(342,297,209,306)(77,132)(22,55)(131,92,63,11)(35,271)(33)(19,236)(235,107)(82)(39,53)(21,149)(135)(128)

length =       1180 width =        590
(298,304,137,83,112,246)(54,29)(141)(191)(73,173)(75,66)(292,6)(286,24)(37,102)(262,28)(65)(2,171)(169)

length =       1184 width =        592
(322,222,332,308)(105,117)(24,284)(270,31,21)(27,66,12)(7,89,260)(54,82)(10,11)(40,1)(39)(199)(171)
