Base 2 Matches
Length:                    X                                          X^2
  1                       11                                         1001
  3                      110                                       100100
  4                   100011                                  10011001001
  5                  1011100                               10000100010000
  6                 10101011                              111001000111001
  7               1000010010                          1000100100101000100
  8                101010110                            11100100011100100
  9               1001100111                          1011100010101110001
 10               1100110100                         10100100001010010000
 11             100010001100                      10010010000110010010000
 12            1010100010110                    1101111001001110111100100
 13           10111000001100                 1000010010000101000010010000
 14          101000111110101                11010001111001111010001111001
 15        10010101001010011            101011011101001010101011011101001
 16        10101011001010110            111001001110010011110010011100100
 17      1011010011110100110        1111111111010010001011111111110100100
 18      1010101011101010110        1110010000111001001111001000011100100

Base 3 Matches
Length:                    X                                          X^2
  1                        2                                           11
  2                      102                                        11111
  3                     1210                                     10011100
  4                    11012                                    122111221
  5                   111010                                  20100220100
  6                  1110112                                2010211201021
  7                101201120                            11021000021102100
  8                102110110                            11212100111212100
  9               1012011200                          1102100002110210000
 10               1210121020                         10020111001002011100
 11             201202101110                     112110021002111211002100
 12            1111110111112                    2020122020211202012202021
 13           10201012102211                  111202212022121112022120221
 14          100100101202021                10020101102211110020101102211

Base 4 Matches
Length:                    X                                          X^2
  1                       11                                          121
  2                      202                                       102010
  3                     3031                                     22100221
  4                    12122                                    221002210
  5                    21213                                   1130111301
  6                  2323113                               20210133202101
  7                 21320022                             1201210011201210
  8                102221103                            11123221111123221
  9               1122132212                          1333322101133332210
 10              12121312122                        221000221012210002210
 11             100030011133                      10012011001210012011001

Base 5 Matches
Length:                    X                                          X^2
  1                       11                                          121
  2                      132                                        24024
  3                      314                                       211211
  4                    12432                                    222442224
  5                   330410                                 231001423100
  6                  1010124                                1020411102041
  7                101023241                            10211312001021131
  8                112140431                            13142311113142311
  9                313131314                           210234211210234211

Base 6 Matches
Length:                    X                                          X^2
  1                       11                                          121
  2                      113                                        13213
  3                     1351                                      2411241
  4                    10214                                    104411044
  5                   132154                                  22404222404
  6                  1223342                                1550441155044
  7                  2323233                               10340131034013
  8                141354142                            25333444425333444
  9               1425015453                          3014110132301411013

Base 7 Matches
Length:                    X                                          X^2
  1                        4                                           22
  2                       26                                         1111
  3                      334                                       152152
  4                    10640                                    120011200
  5                    33334                                   1515215152
  6                   254126                                 105611105611
  7                  3333334                               15151521515152

Base 8 Matches
Length:                    X                                          X^2
  1                        3                                           11
  2                      134                                        20420
  3                      526                                       344344
  4                    13406                                    204412044
  5                    52526                                   3434434344
  6                  1614162                                3113044311304
  7                  5252526                               34343443434344
  8                155401142                            27326604727326604

Base 9 Matches
Length:                    X                                          X^2
  1                       11                                          121
  2                      103                                        10610
  3                     2135                                      4571457
  4                    17172                                    321403214
  5                    35354                                   1385713857
  6                  1386147                                2060746206074
  7                 33856063                             1274410061274410

Base 10 Matches
Length:                    X                                          X^2
  1                       11                                          121
  2                      173                                        29929
  3                     3489                                     12173121
  4                    16262                                    264452644
  5                   193744                                  37536737536
  6                  2445865                                5982255598225
  7                 38981039                             1519521401519521
  8                112791955                            12722025112722025

Base 11 Matches
Length:                    X                                          X^2
  1                        6                                           33
  2                      115                                        13113
  3                      374                                       125125
  4                    18A92                                    333443334
  5                    55556                                   2828328283
  6                  1917192                                33A034433A034
  7                  5555556                               28282832828283

Base 12 Matches
Length:                    X                                          X^2
  1                       11                                          121
  2                      157                                        21921
  3                     3570                                     10012100
  4                    21709                                    466934669
  5                   209521                                  43241343241
  6                  10B5281                                11B941411B941
  7                 143B008B                              1A2676131A26761

Base 13 Matches
Length:                    X                                          X^2
  1                       11                                          121
  2                      1C6                                        3AB3A
  3                     37C0                                     1004A100
  4                    12696                                    156A4156A
  5                   21A904                                  47713847713
  6                  1B1B1B2                                35AB54035AB54
  7                  3939394                               10A468310A4683

Base 14 Matches
Length:                    X                                          X^2
  1                       11                                          121
  2                      18B                                        29129
  3                      495                                       17B17B
  4                    11674                                    131291312
  5                    58586                                   2350823508
  6                  2B292B3                                7B9BA947B9BA9

Base 15 Matches
Length:                    X                                          X^2
  1                        4                                           11
  2                      1C2                                        34134
  3                      778                                       3B43B4
  4                    1332A                                    171A1171A
  5                    77778                                   3B3B43B3B4
  6                  1D1C1D2                                37AB74137AB74

Base 16 Matches
Length:                    X                                          X^2
  1                       11                                          121
  2                      104                                        10810
  3                     2ED7                                      891F891
  4                    110F9                                    123121231
  5                   11876E                                  13344413344
  6                  2D2F2D3                                7F99E947F99E9