421
521
733

421
631
733

311
331
773

311
421
773

311
431
773

331
431
773

211
521
773

421
521
773

431
541
773

311
631
773

331
631
773

431
631
773

331
641
773

431
641
773

311
661
773

431
661
773

211
751
773

521
751
773

541
751
773

641
751
773

211
761
773

541
761
773

631
761
773

641
761
773

331
433
977

431
433
977

331
443
977

431
443
977

433
443
977

211
653
977

521
653
977

541
653
977

331
733
977

431
733
977

331
743
977

431
743
977

433
743
977

421
773
977

311
853
977

311
863
977

331
863
977

421
953
977

443
953
977

521
953
977

541
953
977

311
433
997

421
433
997

311
443
997

431
443
997

433
443
997

211
643
997

541
643
997

311
733
997

421
733
997

311
743
997

331
743
997

431
743
997

433
743
997

443
743
997

311
773
997

431
773
997

433
773
997

331
853
997

431
953
997

433
953
997

431
983
997

433
983
997

