2221
7321
7333

6221
7321
7333

2221
3221
9733

3221
5521
9733

3221
5531
9733

2221
6221
9733

2221
6521
9733

5521
6521
9733

4421
7621
9733

3221
8221
9733

3221
8521
9733

3221
8731
9733

4421
9521
9733

5521
9521
9733

4421
9631
9733

5521
9721
9733

2221
3221
9973

2111
3331
9973

4111
4421
9973

3331
5431
9973

3331
5441
9973

2221
6221
9973

2111
6421
9973

3221
7321
9973

4111
7321
9973

4211
7321
9973

4111
7331
9973

4211
7331
9973

3331
7541
9973

3221
7621
9973

4211
7621
9973

3221
8221
9973

3331
8431
9973

3331
8731
9973

3331
8741
9973

3331
8761
9973

4211
9221
9973

4111
9421
9973

4421
9421
9973

4111
9431
9973

5431
9431
9973

4211
9631
9973

5531
9631
9973

4211
9661
9973

5531
9661
9973

4111
9721
9973

4421
9721
9973

4111
9931
9973

5431
9931
9973

5431
9941
9973

