54311
55331
77773

44111
65521
77773

44221
65521
77773

43331
66431
77773

54311
75431
77773

54331
75431
77773

55331
75431
77773

22111
75521
77773

55411
75521
77773

65111
75521
77773

54311
76421
77773

63311
76421
77773

54311
76631
77773

54331
76631
77773

54311
76651
77773

65111
77521
77773

65521
77521
77773

65521
77551
77773

65111
77621
77773

54421
66553
97777

54331
66643
97777

54311
66653
97777

54421
96553
97777

54331
96643
97777

55411
97553
97777

55511
97553
97777

55541
97553
97777

42221
72221
99733

43321
75431
99733

43321
77431
99733

43321
77621
99733

42221
92221
99733

43321
94321
99733

43321
94331
99733

43321
94421
99733

42221
96221
99733

43321
98321
99733

43321
98621
99733

