443221
743321
997333

332221
877321
997333

443221
943321
997333

443221
973321
997333

522211
632221
999773

543311
644431
999773

533321
654421
999773

311111
743321
999773

333331
854431
999773

522211
932221
999773

511111
943321
999773

542111
943321
999773

543311
944431
999773

553211
965551
999773

511111
973321
999773

542111
973321
999773

543311
974431
999773

533321
975421
999773

543311
975421
999773

443221
975521
999773

533111
975521
999773

542111
976621
999773

443221
977521
999773

533321
984421
999773

533111
985531
999773

533111
987631
999773

511111
994321
999773

543311
994321
999773

543311
995431
999773

542111
996631
999773

511111
997651
999773

543311
997651
999773

543311
998651
999773

