5321111
6655321
9777773

4211111
7765321
9777773

3221111
8755321
9777773

4443311
9654331
9777773

5553311
9754321
9777773

5552111
9755521
9777773

5521111
9775321
9777773

5521111
9776521
9777773

4444331
9765433
9977777

4322221
7765321
9997333

5543221
9643321
9997333

5432221
9775321
9997333

5444221
9976321
9997333

5432221
9977321
9997333

4322221
7763221
9999973

5521111
9664321
9999973

4441111
9744331
9999973

4322221
9863221
9999973

5322221
9863221
9999973

5321111
9864331
9999973

5332111
9876331
9999973

5332211
9876331
9999973

5444111
9974431
9999973

5432221
9976321
9999973

