311
421
431
977

311
421
631
977

331
431
641
977

521
541
641
977

521
631
641
977

311
431
661
977

521
541
661
977

521
641
661
977

421
631
751
977

431
641
751
977

631
641
751
977

421
641
761
977

431
641
761
977

631
641
761
977

311
751
761
977

541
751
761
977

641
751
761
977

331
431
941
977

211
641
941
977

311
421
971
977

421
761
971
977

431
761
971
977

421
941
971
977

821
941
971
977

211
421
521
997

211
421
541
997

311
521
541
997

311
421
641
997

211
521
751
997

211
541
751
997

431
631
751
997

421
641
751
997

431
641
761
997

631
641
761
997

211
311
821
997

311
811
821
997

521
631
881
997

211
641
881
997

521
661
881
997

421
761
881
997

751
761
881
997

311
821
881
997

311
877
887
997

421
877
887
997

311
421
941
997

311
421
971
997

421
751
971
997

631
877
977
997

661
877
977
997

211
331
991
997

311
431
991
997

211
631
991
997

211
641
991
997

211
661
991
997

421
761
991
997

211
941
991
997

431
941
991
997

811
941
991
997

