33311
55441
55541
97777

55331
55541
65551
97777

54311
55441
66541
97777

54421
55441
66541
97777

54311
55541
66541
97777

54311
74441
75541
97777

33331
75431
75541
97777

55331
75431
75541
97777

63331
75431
75541
97777

33211
74441
76441
97777

63211
74441
76441
97777

54421
75431
76441
97777

33311
74441
76541
97777

63311
74441
76541
97777

54331
75431
76541
97777

54421
75431
76541
97777

54311
75541
76541
97777

44111
65521
76631
97777

22111
54421
77431
97777

33211
76421
77431
97777

63211
76421
77431
97777

43321
66431
77551
97777

43331
66541
77551
97777

63331
66541
77551
97777

33331
76541
77551
97777

63331
76541
77551
97777

42221
66431
77641
97777

43321
66431
77641
97777

43331
66431
77641
97777

63331
66431
77641
97777

33211
76441
77641
97777

33311
76441
77641
97777

63211
76441
77641
97777

63311
76441
77641
97777

33211
76421
77731
97777

63211
76421
77731
97777

63211
66431
77761
97777

33211
76631
77761
97777

63211
76631
77761
97777

33211
76651
77761
97777

63211
76651
77761
97777

44111
84421
84431
97777

44221
84421
84431
97777

33211
84221
85331
97777

63211
65521
85531
97777

75211
75521
85531
97777

72211
74441
86441
97777

44221
75431
86441
97777

42221
84431
86441
97777

54311
65521
86531
97777

44221
75521
86531
97777

74311
75521
86531
97777

33311
84421
86531
97777

43321
84421
86531
97777

63331
66431
87541
97777

63211
66541
87541
97777

63311
66541
87541
97777

42221
73331
87541
97777

72221
73331
87541
97777

43321
76441
87541
97777

42221
76541
87541
97777

43321
76541
87541
97777

72211
76541
87541
97777

72221
76541
87541
97777

33311
86441
87541
97777

43321
86441
87541
97777

33331
86531
87541
97777

42221
86531
87541
97777

43321
86531
87541
97777

43331
86531
87541
97777

63211
66221
87631
97777

42221
76421
87631
97777

43321
76421
87631
97777

72211
76421
87631
97777

72221
76421
87631
97777

22111
77521
87631
97777

22111
77621
87631
97777

42221
83221
87631
97777

42221
84221
87631
97777

42221
84421
87631
97777

42221
87221
87631
97777

42221
87421
87631
97777

63331
66431
87641
97777

22111
66541
87641
97777

42221
74441
87641
97777

72211
74441
87641
97777

72221
74441
87641
97777

42221
76441
87641
97777

43321
76441
87641
97777

72211
76441
87641
97777

72221
76441
87641
97777

22111
76541
87641
97777

42221
77431
87641
97777

72221
77431
87641
97777

22111
77641
87641
97777

42221
84431
87641
97777

33211
86441
87641
97777

33311
86441
87641
97777

42221
86441
87641
97777

43321
86441
87641
97777

42221
77431
87751
97777

72221
77431
87751
97777

42221
87631
87751
97777

63211
83221
94331
97777

42221
75431
95441
97777

43321
94331
95441
97777

84211
94441
95441
97777

84421
94441
95441
97777

44221
94321
95531
97777

83221
94321
95531
97777

84211
94321
95531
97777

84221
94321
95531
97777

33211
44221
96331
97777

63211
84221
96331
97777

63211
84421
96431
97777

42221
94321
96431
97777

43321
94321
96431
97777

83221
94321
96431
97777

83311
94321
96431
97777

22111
94421
96431
97777

42221
94421
96431
97777

83221
94421
96431
97777

63211
84431
96661
97777

83221
94421
96661
97777

44111
95531
96661
97777

42221
77431
97441
97777

63211
86441
97441
97777

43321
96331
97441
97777

42221
96431
97441
97777

83221
96431
97441
97777

43331
76441
97651
97777

42221
77431
97651
97777

63331
86441
97651
97777

42221
96431
97651
97777

43321
96431
97651
97777

83221
96431
97651
97777

42221
77431
97771
97777

42221
77641
97771
97777

42221
96431
97771
97777

83221
96431
97771
97777

