5332211
5444221
6654331
9977777

5554321
6554441
6655541
9977777

5553211
6555541
6655541
9977777

5544221
7544431
7654441
9977777

5554321
7554331
7654441
9977777

5544221
7644431
7654441
9977777

5543221
7555321
7665431
9977777

5543221
7555421
7665431
9977777

5432221
7644431
7766441
9977777

6632221
7644431
7766441
9977777

6642211
7654441
7766441
9977777

6643211
7654441
7766441
9977777

5332211
7744441
7766441
9977777

3222211
7533221
7774331
9977777

5332211
7763221
7774331
9977777

5332211
7764221
7774331
9977777

3222211
7532221
7776331
9977777

5422211
7632221
7776331
9977777

6622211
7632221
7776331
9977777

5332211
7764221
7776331
9977777

5322221
7774331
7776541
9977777

6422111
6664321
7776631
9977777

6433111
6664321
7776631
9977777

5322221
7764221
7776631
9977777

5332211
7764221
7776631
9977777

6333221
7764221
7776631
9977777

5321111
7765321
7776631
9977777

6521111
7765321
7776631
9977777

5321111
7766321
7776631
9977777

6521111
7766321
7776631
9977777

5321111
7776541
7776641
9977777

6511111
7776541
7776641
9977777

6521111
7776541
7776641
9977777

7333321
7554331
8555441
9977777

5543221
6643321
8654431
9977777

7522111
7644421
8664431
9977777

5544421
6554441
8665441
9977777

6544411
6554441
8665441
9977777

7333321
7444331
8665441
9977777

7333211
7444441
8665441
9977777

7533221
7544431
8665441
9977777

7533221
7644431
8665441
9977777

5543221
6555541
8665541
9977777

5543221
6654331
8665541
9977777

5544221
6654331
8665541
9977777

5543221
6655531
8665541
9977777

5543221
6655541
8665541
9977777

7541111
7555421
8666431
9977777

7532221
7644421
8666431
9977777

6642211
6653221
8764331
9977777

6643211
6653221
8764331
9977777

7333211
7743221
8764331
9977777

7632211
7743221
8764331
9977777

7632211
7644421
8766431
9977777

7632221
7644421
8766431
9977777

7541111
7755421
8766431
9977777

4441111
8655421
8766431
9977777

7632211
7763221
8775331
9977777

7333211
7764221
8775331
9977777

7633321
7665431
8775541
9977777

3333221
8764331
8775541
9977777

4322221
8775331
8775541
9977777

7633321
7665431
8775551
9977777

4322221
7774331
8776541
9977777

7322221
7774331
8776541
9977777

4422221
8644331
8776541
9977777

3333221
8764331
8776541
9977777

4322221
8764331
8776541
9977777

7632221
7666531
8777551
9977777

7532221
7766441
8777641
9977777

7632211
7766441
8777641
9977777

7632221
7766441
8777641
9977777

7322111
7776541
8777641
9977777

7522111
7776541
8777641
9977777

7322111
7776641
8777641
9977777

7522111
7776641
8777641
9977777

4422221
8664431
8777641
9977777

5422211
6664321
8777771
9977777

6622211
6664321
8777771
9977777

7632211
7766321
8777771
9977777

7422211
7743221
8865331
9977777

7533221
7644421
8865431
9977777

7633111
7644421
8865431
9977777

7443211
7754321
8865431
9977777

7443221
7754321
8865431
9977777

7443211
7755421
8865431
9977777

7443221
7755421
8865431
9977777

4443221
8755321
8865431
9977777

4443311
8755321
8865431
9977777

7532221
7644431
8866441
9977777

7632221
7644431
8866441
9977777

3222211
3333221
8874331
9977777

7422211
7743221
8874331
9977777

7422211
7763221
8874331
9977777

7422211
7764221
8874331
9977777

3222211
8774221
8874331
9977777

4422211
8774221
8874331
9977777

7633321
7665431
8875541
9977777

3222221
8775331
8875541
9977777

4422221
8775331
8875541
9977777

4322221
8865331
8875541
9977777

3222211
8764321
8876531
9977777

3222221
8764321
8876531
9977777

4422211
8764321
8876531
9977777

4422221
8764321
8876531
9977777

7422211
7743221
8877331
9977777

7422211
7763221
8877331
9977777

7422211
7764221
8877331
9977777

3222211
8774221
8877331
9977777

4422211
8774221
8877331
9977777

6544411
8554421
9665431
9977777

4322221
9443321
9665431
9977777

8322211
9443321
9665431
9977777

8522221
9643321
9665431
9977777

8532221
9643321
9665431
9977777

4443221
7644431
9755441
9977777

6643321
8644331
9755441
9977777

6653221
8654431
9755441
9977777

8643211
9754321
9766531
9977777

4322221
7765321
9775531
9977777

6333221
8764321
9775531
9977777

6333221
8765321
9775531
9977777

6622211
8765321
9775531
9977777

6632221
8765321
9775531
9977777

8433211
9664321
9775531
9977777

4322221
9775321
9775531
9977777

8322211
9775321
9775531
9977777

8522221
9775321
9775531
9977777

6433211
8665541
9775541
9977777

6333221
8764331
9775541
9977777

8633311
9665441
9775541
9977777

4422221
7644431
9776441
9977777

6632221
8664431
9776441
9977777

6622211
8774221
9777331
9977777

8322211
9764221
9777331
9977777

8322211
9774221
9777331
9977777

4322221
7773331
9777541
9977777

4322221
7774331
9777541
9977777

4322221
7776331
9777541
9977777

4322221
7776541
9777541
9977777

6632221
8763331
9777541
9977777

6632221
8764331
9777541
9977777

6622211
8776541
9777541
9977777

4422221
9643331
9777541
9977777

8532221
9766531
9777541
9977777

4322221
7743221
9777631
9977777

4322221
7763221
9777631
9977777

4322221
7764221
9777631
9977777

6622211
8664421
9777631
9977777

6632221
8664421
9777631
9977777

6622111
8764321
9777631
9977777

6622111
8773321
9777631
9977777

6622211
8774221
9777631
9977777

6622211
8776421
9777631
9977777

6521111
8777521
9777631
9977777

4322221
9764221
9777631
9977777

8322211
9764221
9777631
9977777

8522221
9764221
9777631
9977777

8532221
9764221
9777631
9977777

8332111
9766321
9777631
9977777

4322221
9774221
9777631
9977777

8322211
9774221
9777631
9977777

8522221
9774221
9777631
9977777

6632221
8664421
9777661
9977777

6622211
8664431
9777661
9977777

8332111
9766531
9777661
9977777

8321111
9777631
9777661
9977777

8521111
9777631
9777661
9977777

4422211
7754321
9854431
9977777

4422221
7754321
9854431
9977777

8533211
9643321
9854431
9977777

8643211
9643321
9854431
9977777

4422211
9754321
9854431
9977777

4422221
9754321
9854431
9977777

8722211
9754321
9854431
9977777

6654331
8654431
9855541
9977777

6632221
8655331
9855541
9977777

6653221
8655331
9855541
9977777

8553221
9654331
9855541
9977777

8654221
9654331
9855541
9977777

4443221
9744331
9855541
9977777

4422211
7743221
9864331
9977777

6642211
8654221
9864331
9977777

4443221
7754321
9866431
9977777

4443311
7754321
9866431
9977777

4441111
7755421
9866431
9977777

4443221
9754321
9866431
9977777

4443311
9754321
9866431
9977777

8442221
9754321
9866431
9977777

6643321
8654431
9866551
9977777

4422211
7742221
9876331
9977777

4422211
7764221
9876331
9977777

4422211
7772221
9876331
9977777

4422211
9764221
9876331
9977777

8433211
9764221
9876331
9977777

8722211
9764221
9876331
9977777

4422211
9774221
9876331
9977777

8722211
9774221
9876331
9977777

4211111
7776541
9876641
9977777

6421111
8776541
9876641
9977777

4422211
7743221
9877331
9977777

4422211
7763221
9877331
9977777

4422211
7764221
9877331
9977777

4422211
9764221
9877331
9977777

8722211
9764221
9877331
9977777

4422211
9774221
9877331
9977777

8722211
9774221
9877331
9977777

4422211
9863221
9877331
9977777

8322211
9863221
9877331
9977777

4422221
7773331
9877541
9977777

4422221
7774331
9877541
9977777

4422221
7776331
9877541
9977777

4422211
7776541
9877541
9977777

4422221
7776541
9877541
9977777

8522221
9643331
9877541
9977777

8532221
9666331
9877541
9977777

4322221
9864331
9877541
9977777

4422221
9864331
9877541
9977777

4322221
9876331
9877541
9977777

4422221
9876331
9877541
9977777

8654221
9854431
9955441
9977777

8654431
9854431
9955441
9977777

4443221
9744331
9955541
9977777

8433211
9764221
9975331
9977777

6433211
8764321
9975431
9977777

6433211
8765321
9975431
9977777

4322221
9443321
9975431
9977777

8322211
9443321
9975431
9977777

4422211
9775321
9975431
9977777

4422221
9775321
9975431
9977777

8433211
9964321
9975431
9977777

4322221
7444331
9976541
9977777

4422221
9744331
9976541
9977777

4422211
9776441
9977741
9977777

4422221
9776441
9977741
9977777

5332211
5444321
6644431
9997777

5332211
7533221
7554331
9997777

5554321
7655521
7666531
9997777

6511111
7666531
7666661
9997777

6433211
6644441
7766441
9997777

5432221
7644431
7766441
9997777

6632221
7644431
7766441
9997777

6652211
7654441
7766441
9997777

5332211
7744441
7766441
9997777

6644431
7665431
7776541
9997777

6421111
6655321
7776631
9997777

7333211
7443221
8644331
9997777

7533221
7633321
8654431
9997777

7522111
7644421
8654431
9997777

5554321
6654331
8665441
9997777

7533221
7544431
8665441
9997777

7533221
7644431
8665441
9997777

5555321
6655531
8665541
9997777

5553211
6655541
8665541
9997777

5555321
6655541
8665541
9997777

7554311
7654441
8665541
9997777

5554321
6655321
8666431
9997777

7532221
7644421
8666431
9997777

7533221
7644421
8666431
9997777

6652211
6653221
8764331
9997777

7333211
7743221
8764331
9997777

7632211
7743221
8764331
9997777

7653211
7763221
8764331
9997777

7654211
7764221
8764331
9997777

6653221
6655531
8765551
9997777

6655321
6655531
8765551
9997777

7555321
7755551
8765551
9997777

6654211
6655321
8766431
9997777

6652211
6664321
8766431
9997777

6653221
6664321
8766431
9997777

7632211
7644421
8766431
9997777

7632221
7644421
8766431
9997777

7633111
7644421
8766431
9997777

7653211
7754321
8766431
9997777

7654211
7755421
8766431
9997777

7654411
7755421
8766431
9997777

7554311
7765321
8766431
9997777

7654211
7765321
8766431
9997777

5422211
6653221
8775331
9997777

6622211
6653221
8775331
9997777

7662211
7763221
8775331
9997777

7663211
7764221
8775331
9997777

7632211
7775221
8775331
9997777

7653211
7775221
8775331
9997777

7533221
7774331
8775541
9997777

4422221
8655331
8775541
9997777

7644421
7665431
8776541
9997777

7644431
7665431
8776541
9997777

7532221
7774331
8776541
9997777

7533221
7774331
8776541
9997777

7632221
7774331
8776541
9997777

6643321
6666551
8777551
9997777

7633321
7776551
8777551
9997777

4422211
7654441
8777641
9997777

4422221
7654441
8777641
9997777

7422211
7654441
8777641
9997777

7422221
7654441
8777641
9997777

7662211
7766441
8777641
9997777

7663211
7766441
8777641
9997777

7633111
7776541
8777641
9997777

7652111
7776541
8777641
9997777

7633111
7776641
8777641
9997777

7652111
7776641
8777641
9997777

4422221
8654431
8777641
9997777

6642211
6664321
8777771
9997777

7662211
7766321
8777771
9997777

7663211
7766321
8777771
9997777

7663211
7766621
8777771
9997777

7533221
7776631
8777771
9997777

7533221
7776641
8777771
9997777

7632211
7777421
8777771
9997777

7533221
7644421
8865431
9997777

7633111
7644421
8865431
9997777

7532221
7644431
8866441
9997777

7533221
7644431
8866441
9997777

7632221
7644431
8866441
9997777

7653211
7654441
8866441
9997777

7443211
7763221
8874331
9997777

3222211
8654221
8874331
9997777

3222221
8655331
8875541
9997777

4443221
8764331
8875541
9997777

7422211
7754321
8876531
9997777

7422221
7754321
8876531
9997777

4443221
8764321
8876531
9997777

7443211
7766221
8877331
9997777

3222211
8654221
8877331
9997777

7422211
7765321
8885531
9997777

7422221
7765321
8885531
9997777

3222211
8765321
8885531
9997777

3222221
8765321
8885531
9997777

4422211
8765321
8885531
9997777

4422221
8765321
8885531
9997777

7632211
7632221
8886331
9997777

7422211
7764221
8886331
9997777

7422211
7772221
8886331
9997777

4422211
8774221
8886331
9997777

7422211
7763221
8887331
9997777

7422211
7764221
8887331
9997777

7422211
7766221
8887331
9997777

4422211
8774221
8887331
9997777

7422211
7766441
8887441
9997777

3222221
8766431
8887441
9997777

4422221
8766431
8887441
9997777

5322221
6333221
8887631
9997777

7322111
7333321
8887631
9997777

7522111
7633321
8887631
9997777

7522111
7666621
8887631
9997777

7652111
7666621
8887631
9997777

7422211
7763221
8887631
9997777

7422221
7763221
8887631
9997777

7422211
7764221
8887631
9997777

7422221
7764221
8887631
9997777

7422211
7766221
8887631
9997777

7422221
7766221
8887631
9997777

7422211
7777421
8887631
9997777

7422221
7777421
8887631
9997777

4422211
8774221
8887631
9997777

4422221
8774221
8887631
9997777

4422211
8776421
8887631
9997777

4422221
8776421
8887631
9997777

4211111
8777521
8887631
9997777

7522111
7666531
8887661
9997777

7652111
7666531
8887661
9997777

7422221
7777421
8887661
9997777

3222211
8766431
8887661
9997777

4422211
8766431
8887661
9997777

4422221
8776421
8887661
9997777

8322211
9444221
9654331
9997777

6553111
8655421
9665431
9997777

8532221
9643321
9665431
9997777

8552111
9655421
9665431
9997777

8552221
9655421
9665431
9997777

8553221
9655421
9665431
9997777

8555221
9655421
9665431
9997777

6654211
8755321
9766531
9997777

6652211
8764321
9766531
9997777

6653221
8764321
9766531
9997777

6654211
8765321
9766531
9997777

8652211
9664321
9766531
9997777

8552221
9754321
9766531
9997777

8553221
9754321
9766531
9997777

8652211
9754321
9766531
9997777

8654221
9755521
9766531
9997777

6644311
8664421
9775531
9997777

6622211
8755321
9775531
9997777

6643211
8764321
9775531
9997777

6642211
8765321
9775531
9997777

6643211
8765321
9775531
9997777

8643211
9664321
9775531
9997777

8532221
9775321
9775531
9997777

8533211
9775321
9775531
9997777

8652211
9775321
9775531
9997777

8655211
9775321
9775531
9997777

6643321
8665441
9775541
9997777

6643211
8665541
9775541
9997777

6632221
8775331
9775541
9997777

6653221
8775331
9775541
9997777

6653221
8775541
9775541
9997777

6655321
8775541
9775541
9997777

8655331
9775531
9775541
9997777

4422211
7654441
9776441
9997777

6643321
8764331
9776441
9997777

6643321
8664431
9776551
9997777

6644431
8665441
9776551
9997777

6664321
8765551
9776551
9997777

6654331
8775541
9776551
9997777

8654221
9775531
9776551
9997777

8644331
9665441
9776651
9997777

6622211
8654221
9777331
9997777

6652211
8774221
9777331
9997777

4422211
9654221
9777331
9997777

8652211
9774221
9777331
9997777

8652211
9777221
9777331
9997777

6643321
8666431
9777541
9997777

6643321
8766431
9777541
9997777

6632221
8776541
9777541
9997777

6652211
8776541
9777541
9997777

6653221
8776541
9777541
9997777

4422221
9654331
9777541
9997777

8633311
9776441
9777541
9997777

8532221
9777331
9777541
9997777

6622211
8654221
9777631
9997777

6642211
8664421
9777631
9997777

6632221
8774221
9777631
9997777

6652211
8774221
9777631
9997777

6632221
8776421
9777631
9997777

6652211
8776421
9777631
9997777

6653221
8776421
9777631
9997777

4422211
9654221
9777631
9997777

4422221
9654221
9777631
9997777

8642111
9664321
9777631
9997777

8642111
9766321
9777631
9997777

8532221
9774221
9777631
9997777

8652211
9774221
9777631
9997777

8633111
9776521
9777631
9997777

8653111
9776521
9777631
9997777

8532221
9777221
9777631
9997777

8652211
9777221
9777631
9997777

6622211
8654431
9777661
9997777

6642211
8664431
9777661
9997777

6642211
8666431
9777661
9997777

6643211
8666431
9777661
9997777

6642211
8766431
9777661
9997777

6643211
8766431
9777661
9997777

6663311
8766431
9777661
9997777

6632221
8776421
9777661
9997777

6653221
8776421
9777661
9997777

8642111
9766531
9777661
9997777

8633111
9776651
9777661
9997777

8653111
9776651
9777661
9997777

6422111
8844421
9854431
9997777

6632221
8655331
9855541
9997777

8733311
9755441
9855541
9997777

6652211
8654221
9864331
9997777

6654211
8654221
9864331
9997777

8652211
9654221
9864331
9997777

6654211
8655421
9866431
9997777

6553111
8664421
9866431
9997777

6652211
8664421
9866431
9997777

6653221
8664421
9866431
9997777

6333221
8844421
9866431
9997777

6433111
8844421
9866431
9997777

6433211
8844421
9866431
9997777

8554421
9655421
9866431
9997777

8654111
9655421
9866431
9997777

8654221
9655421
9866431
9997777

8552221
9664321
9866431
9997777

8553221
9664321
9866431
9997777

8652211
9664321
9866431
9997777

6654331
8665541
9866551
9997777

8554421
9665431
9866551
9997777

8654431
9665441
9866551
9997777

6622211
8654221
9876331
9997777

6433211
8774221
9876331
9997777

4422211
9752221
9876331
9997777

8722211
9752221
9876331
9997777

8433211
9774221
9876331
9997777

6644311
8665441
9876641
9997777

6664321
8665441
9876641
9997777

6644111
8665541
9876641
9997777

8644331
9665431
9876641
9997777

8664311
9665441
9876641
9997777

8433211
9874441
9876641
9997777

6622211
8654221
9877331
9997777

4443311
7766441
9877541
9997777

6643321
8666431
9877541
9997777

6433211
8776541
9877541
9997777

6333221
8876531
9877541
9997777

8522221
9654331
9877541
9997777

4443221
9766531
9877541
9997777

4443331
9766531
9877541
9997777

8442221
9766531
9877541
9997777

8743331
9766531
9877541
9997777

8763331
9766531
9877541
9997777

8733311
9776441
9877541
9997777

8763311
9776441
9877541
9997777

8442221
9864331
9877541
9997777

4443331
9866431
9877541
9997777

6622111
8664421
9884431
9997777

6654211
8664421
9884431
9997777

8522221
9664321
9884431
9997777

8652211
9664321
9884431
9997777

8654221
9664321
9884431
9997777

4322221
7333321
9887431
9997777

4422211
7733321
9887431
9997777

4422221
7733321
9887431
9997777

4422211
7766321
9887431
9997777

4422221
7766321
9887431
9997777

4211111
7777421
9887431
9997777

4422211
7777421
9887431
9997777

4422221
7777421
9887431
9997777

6622111
8664421
9887431
9997777

6622211
8664421
9887431
9997777

6652211
8664421
9887431
9997777

6422111
8776421
9887431
9997777

6433111
8886421
9887431
9997777

6433211
8886421
9887431
9997777

8522221
9664321
9887431
9997777

8652211
9664321
9887431
9997777

4422211
9766321
9887431
9997777

4422221
9766321
9887431
9997777

8722211
9766321
9887431
9997777

8763311
9766321
9887431
9997777

4322221
9877421
9887431
9997777

4422211
9877421
9887431
9997777

4422221
9877421
9887431
9997777

4441111
9877421
9887431
9997777

8311111
9877421
9887431
9997777

8321111
9877421
9887431
9997777

8322211
9877421
9887431
9997777

8411111
9877421
9887431
9997777

8442221
9877421
9887431
9997777

4422211
7766441
9887441
9997777

6653221
8666431
9887441
9997777

4422211
9776441
9887441
9997777

8722211
9776441
9887441
9997777

4322221
9866431
9887441
9997777

4422221
9866431
9887441
9997777

4422211
9874441
9887441
9997777

8322211
9874441
9887441
9997777

4422211
7766441
9887641
9997777

4422221
7766441
9887641
9997777

6653221
8666431
9887641
9997777

6422111
8776541
9887641
9997777

6421111
8777641
9887641
9997777

6422111
8777641
9887641
9997777

4422211
9776441
9887641
9997777

4422221
9776441
9887641
9997777

8722211
9776441
9887641
9997777

4211111
9777541
9887641
9997777

8411111
9777541
9887641
9997777

4322221
9866431
9887641
9997777

4422221
9866431
9887641
9997777

4322221
9874441
9887641
9997777

4422211
9874441
9887641
9997777

4422221
9874441
9887641
9997777

8322211
9874441
9887641
9997777

8442221
9874441
9887641
9997777

4441111
9877541
9887641
9997777

8311111
9877541
9887641
9997777

8321111
9877541
9887641
9997777

8411111
9877541
9887641
9997777

6653221
8666431
9887651
9997777

8743331
9776441
9887651
9997777

4322221
9866431
9887651
9997777

4422221
9866431
9887651
9997777

4422211
7766441
9887741
9997777

4422221
7766441
9887741
9997777

4422221
7774331
9887741
9997777

4422221
7776331
9887741
9997777

6653221
8666431
9887741
9997777

8522221
9666331
9887741
9997777

4422211
9776441
9887741
9997777

4422221
9776441
9887741
9997777

8722211
9776441
9887741
9997777

4422221
9777331
9887741
9997777

4422221
9777631
9887741
9997777

4322221
9864331
9887741
9997777

4422221
9864331
9887741
9997777

4322221
9866431
9887741
9997777

4422221
9866431
9887741
9997777

4322221
9876331
9887741
9997777

4422221
9876331
9887741
9997777

4443221
9876331
9887741
9997777

8442221
9876331
9887741
9997777

4443221
9876641
9887741
9997777

4322221
9877331
9887741
9997777

4422221
9877331
9887741
9997777

8442221
9877331
9887741
9997777

8433211
9755441
9955441
9997777

3222211
4322221
9966331
9997777

6433211
8773321
9974431
9997777

4422211
9754321
9974431
9997777

4422221
9754321
9974431
9997777

8442221
9964321
9974431
9997777

8433211
9973321
9974431
9997777

6433211
8774221
9975331
9997777

8433211
9774221
9975331
9997777

8222111
9655421
9975431
9997777

8433211
9775321
9975431
9997777

8633311
9875321
9975431
9997777

8652211
9875321
9975431
9997777

8655211
9875321
9975431
9997777

8663311
9875321
9975431
9997777

8633311
9874441
9976541
9997777

8663311
9874441
9976541
9997777

4443221
9766531
9977551
9997777

8442221
9766531
9977551
9997777

8433211
9776441
9977741
9997777

8442221
9966331
9977741
9997777

4422211
9764221
9994331
9997777

6422111
8764321
9996631
9997777

6421111
8765321
9996631
9997777

4422211
9764221
9996631
9997777

4422221
9764221
9996631
9997777

8411111
9766321
9996631
9997777

8222111
9964321
9996631
9997777

8442221
9974431
9997441
9997777

