311
421
431
541
773

211
311
541
641
773

311
421
631
641
773

331
431
631
641
773

211
521
631
641
773

211
311
541
661
773

311
431
631
661
773

421
521
631
661
773

311
331
541
751
773

211
521
541
751
773

211
331
641
751
773

211
421
641
751
773

211
431
641
751
773

311
521
641
751
773

331
541
641
751
773

431
541
641
751
773

311
631
641
751
773

331
631
641
751
773

211
331
631
761
773

211
431
631
761
773

421
521
631
761
773

211
311
641
761
773

331
541
661
761
773

431
541
661
761
773

331
641
661
761
773

421
431
751
761
773

211
631
751
761
773

311
331
431
631
977

211
421
431
641
977

311
421
431
641
977

421
521
541
641
977

211
433
443
653
977

311
433
443
653
977

331
433
443
653
977

311
331
431
661
977

211
331
631
661
977

211
311
641
661
977

311
443
643
743
977

211
521
541
751
977

311
331
641
751
977

311
421
641
751
977

311
431
641
751
977

331
431
641
751
977

211
521
641
751
977

431
631
641
751
977

311
331
431
761
977

311
331
631
761
977

311
431
631
761
977

431
641
661
761
977

421
521
751
761
977

311
631
751
761
977

521
631
751
761
977

311
433
643
773
977

311
433
653
773
977

331
433
653
773
977

211
733
743
773
977

311
421
521
821
977

421
433
733
853
977

431
433
743
853
977

431
443
743
853
977

631
733
743
853
977

211
433
853
863
977

311
733
853
863
977

311
421
521
877
977

311
331
541
877
977

311
431
541
877
977

211
331
641
877
977

211
311
661
877
977

211
331
751
877
977

211
311
761
877
977

421
431
761
877
977

631
751
761
877
977

641
751
761
877
977

643
743
773
877
977

211
421
821
877
977

211
521
821
877
977

433
653
863
877
977

443
653
863
877
977

643
653
863
877
977

433
853
863
877
977

443
853
863
877
977

733
853
863
877
977

743
853
863
877
977

211
421
431
941
977

311
421
431
941
977

211
311
541
941
977

421
521
541
941
977

421
431
641
941
977

211
433
443
953
977

311
433
443
953
977

331
433
443
953
977

431
433
643
953
977

431
443
643
953
977

421
433
653
953
977

211
643
653
953
977

211
433
743
953
977

211
733
743
953
977

311
733
743
953
977

331
733
743
953
977

311
643
853
953
977

521
733
853
953
977

211
421
431
971
977

311
421
431
971
977

211
331
541
971
977

311
331
541
971
977

211
631
641
971
977

421
431
661
971
977

211
421
751
971
977

211
431
751
971
977

211
521
751
971
977

521
541
761
971
977

331
751
761
971
977

211
311
811
971
977

311
521
821
971
977

311
331
431
631
997

211
311
331
661
997

311
331
541
661
997

421
521
541
661
997

211
311
631
661
997

211
331
641
661
997

211
631
641
661
997

311
443
643
743
997

421
431
541
751
997

331
431
631
751
997

421
631
641
751
997

311
331
641
761
997

311
431
641
761
997

331
431
641
761
997

431
631
641
761
997

311
331
661
761
997

311
431
661
761
997

211
541
661
761
997

421
631
661
761
997

331
631
751
761
997

331
433
643
773
997

311
443
643
773
997

311
643
743
773
997

431
733
743
773
997

431
433
733
853
997

421
433
743
853
997

421
433
733
863
997

431
433
743
863
997

421
443
743
863
997

431
443
743
863
997

631
733
743
863
997

431
653
853
863
997

631
653
853
863
997

641
653
853
863
997

331
733
853
863
997

311
421
541
877
997

331
431
541
877
997

211
521
541
877
997

211
331
661
877
997

211
311
751
877
997

211
331
761
877
997

443
643
853
877
997

433
643
863
877
997

311
421
521
881
997

211
311
641
881
997

211
311
661
881
997

211
311
761
881
997

421
431
761
881
997

211
421
821
881
997

211
521
821
881
997

421
433
773
883
997

641
743
773
883
997

431
643
853
883
997

631
643
853
883
997

421
653
853
883
997

641
653
853
883
997

331
733
853
883
997

331
743
853
883
997

311
421
521
887
997

211
311
641
887
997

211
311
661
887
997

211
311
761
887
997

421
431
761
887
997

643
743
773
887
997

211
421
821
887
997

211
521
821
887
997

433
643
853
887
997

443
653
853
887
997

643
653
853
887
997

311
331
877
887
997

211
431
877
887
997

421
631
877
887
997

211
421
881
887
997

211
521
881
887
997

521
541
881
887
997

431
631
881
887
997

421
641
881
887
997

641
661
881
887
997

311
751
881
887
997

311
761
881
887
997

443
863
883
887
997

743
863
883
887
997

211
311
811
911
997

211
311
811
941
997

421
433
643
953
997

311
653
853
953
997

211
421
431
971
997

311
421
431
971
997

211
311
521
971
997

211
631
661
971
997

211
431
761
971
997

211
751
761
971
997

311
751
761
971
997

211
311
821
971
997

211
521
941
971
997

311
521
941
971
997

211
541
941
971
997

311
541
941
971
997

211
421
431
977
997

311
421
431
977
997

211
311
521
977
997

211
631
661
977
997

211
431
761
977
997

211
751
761
977
997

311
751
761
977
997

211
311
821
977
997

733
743
863
977
997

211
311
877
977
997

311
541
877
977
997

311
641
877
977
997

331
661
877
977
997

541
751
877
977
997

751
761
877
977
997

211
521
941
977
997

311
521
941
977
997

211
541
941
977
997

311
541
941
977
997

211
541
971
977
997

311
541
971
977
997

751
761
971
977
997

431
433
653
983
997

431
443
653
983
997

211
443
743
983
997

211
433
773
983
997

211
733
773
983
997

311
733
773
983
997

331
643
853
983
997

521
733
863
983
997

311
653
883
983
997

521
743
883
983
997

641
863
883
983
997

661
863
883
983
997

521
653
953
983
997

541
653
953
983
997

211
311
331
991
997

211
311
521
991
997

211
331
541
991
997

311
331
541
991
997

421
431
631
991
997

211
631
641
991
997

211
641
661
991
997

211
541
761
991
997

211
311
821
991
997

311
521
881
991
997

331
541
941
991
997

521
641
941
991
997

211
521
971
991
997

311
521
971
991
997

521
641
971
991
997

421
941
971
991
997

521
941
971
991
997

