3221
3331
5431
8431
9733

2221
3331
5431
9431
9733

3221
3331
5431
9431
9733

2221
3331
8431
9431
9733

2221
3331
5531
9631
9733

3221
3331
5531
9631
9733

2111
4111
4211
6311
9973

3221
3331
5431
6551
9973

2221
3221
3331
6661
9973

2111
2221
6221
7321
9973

4211
6211
6311
7411
9973

3221
3331
4441
7541
9973

2111
5521
5531
7541
9973

2111
2221
6221
7621
9973

4211
6221
6421
7621
9973

2111
2221
6521
7621
9973

2111
5521
6521
7621
9973

4111
6221
6521
7621
9973

4111
4421
5431
7741
9973

4111
4211
5441
7741
9973

4111
4441
5441
7741
9973

2221
5521
6521
7741
9973

4421
6421
6521
7741
9973

4421
5431
7541
7741
9973

3221
6521
7541
7741
9973

5521
6521
7541
7741
9973

3221
6221
7621
7741
9973

3221
6521
7621
7741
9973

4111
4211
7211
8311
9973

4211
6221
8221
8521
9973

6211
6221
8221
8521
9973

3221
4421
5441
8641
9973

2221
5431
5441
8641
9973

2111
5521
5531
8641
9973

4111
5521
5531
8641
9973

2221
3221
6421
8641
9973

2221
3221
7321
8641
9973

6211
7321
7331
8641
9973

4111
4211
7541
8641
9973

2221
3221
7621
8641
9973

6221
7321
7621
8641
9973

4211
6221
8431
8641
9973

6211
6221
8431
8641
9973

4211
6421
8431
8641
9973

6211
6421
8431
8641
9973

6311
6421
8431
8641
9973

3331
7331
8431
8641
9973

4211
8221
8431
8641
9973

7211
8221
8431
8641
9973

4421
6521
8521
8641
9973

6421
6521
8521
8641
9973

2111
5431
8431
8731
9973

4211
5521
5531
8741
9973

2221
3221
6221
8741
9973

2111
3221
7331
8741
9973

2221
3221
7621
8741
9973

4111
4441
7741
8741
9973

6521
7621
7741
8741
9973

2111
4421
8431
8741
9973

4111
6221
8431
8741
9973

4111
6421
8431
8741
9973

3331
7331
8431
8741
9973

4111
8221
8431
8741
9973

2221
5521
8521
8741
9973

4421
6421
8521
8741
9973

6221
6521
8521
8741
9973

2221
5521
8641
8741
9973

2221
5531
8641
8741
9973

4211
6211
8641
8741
9973

4111
6311
8641
8741
9973

6221
6521
8641
8741
9973

4111
8311
8641
8741
9973

7321
8431
8641
8741
9973

2111
4421
8731
8741
9973

5431
5531
8731
8741
9973

4111
6421
8731
8741
9973

7411
8521
8731
8741
9973

2221
5521
5531
8761
9973

2111
5431
8431
8761
9973

4211
6211
8641
8761
9973

4111
6311
8641
8761
9973

4111
8311
8641
8761
9973

2111
5431
8731
8761
9973

4421
6521
8731
8761
9973

6421
6521
8731
8761
9973

4111
8431
8731
8761
9973

4421
8521
8731
8761
9973

2111
4111
8741
8761
9973

4111
8111
8741
8761
9973

2111
3221
6221
8821
9973

2111
3221
6521
8821
9973

2111
3221
7621
8821
9973

6211
7321
7621
8821
9973

4111
6221
8221
8821
9973

4111
6221
8521
8821
9973

6311
6421
8521
8821
9973

4211
6521
8521
8821
9973

6211
6521
8521
8821
9973

4111
8221
8521
8821
9973

2111
5431
8431
8831
9973

7411
8431
8731
8831
9973

4111
4211
7541
8861
9973

6311
7411
7541
8861
9973

2111
5431
8431
8861
9973

2111
4111
8641
8861
9973

2111
4211
8641
8861
9973

4111
6211
8641
8861
9973

4211
6311
8641
8861
9973

6211
6311
8641
8861
9973

4111
8111
8641
8861
9973

4211
8311
8641
8861
9973

7211
8311
8641
8861
9973

4421
6421
8731
8861
9973

3221
7321
8731
8861
9973

7411
8431
8731
8861
9973

2111
4111
8741
8861
9973

4111
6311
8741
8861
9973

4211
6311
8741
8861
9973

6211
6311
8741
8861
9973

4111
8111
8741
8861
9973

4111
8311
8741
8861
9973

4211
8311
8741
8861
9973

7211
8311
8741
8861
9973

5431
5441
8761
8861
9973

2111
5531
8831
8861
9973

6221
6421
8831
8861
9973

6221
6521
8831
8861
9973

4211
8431
8831
8861
9973

7211
8431
8831
8861
9973

5521
8521
8831
8861
9973

2111
4111
4211
9311
9973

4111
4211
6211
9311
9973

2111
4111
7211
9311
9973

2111
4211
7211
9311
9973

4111
4421
6421
9421
9973

7211
7321
9421
9521
9973

2221
3331
5431
9551
9973

3221
3331
5431
9551
9973

2111
5521
7541
9551
9973

2111
5531
7541
9551
9973

2221
3331
8431
9551
9973

4211
9311
9421
9551
9973

7211
9311
9421
9551
9973

4111
9511
9521
9551
9973

2111
3331
5431
9631
9973

2111
3331
8431
9631
9973

2221
3221
3331
9661
9973

2221
3221
5431
9661
9973

2111
3331
5431
9661
9973

4421
5521
5531
9661
9973

2221
7321
7331
9661
9973

3221
7321
7331
9661
9973

2111
4211
7541
9661
9973

2111
7211
7541
9661
9973

2221
3221
8431
9661
9973

2111
3331
8431
9661
9973

3221
6221
8431
9661
9973

3221
6421
8431
9661
9973

6221
8221
8431
9661
9973

6211
8311
8641
9661
9973

7321
9421
9431
9661
9973

2111
5531
9551
9661
9973

7321
7331
9551
9661
9973

4421
9521
9551
9661
9973

7321
9521
9551
9661
9973

2111
5431
9631
9661
9973

7211
7331
9631
9661
9973

4111
9431
9631
9661
9973

2111
2221
6421
9721
9973

4111
4421
6421
9721
9973

2111
6221
6421
9721
9973

2111
5521
7621
9721
9973

2111
7321
7621
9721
9973

4111
9221
9421
9721
9973

7411
9421
9521
9721
9973

4111
4211
6211
9811
9973

2111
4211
7211
9811
9973

2111
4111
7411
9811
9973

2111
4111
4421
9851
9973

2111
4421
4441
9851
9973

4111
5431
5441
9851
9973

4111
4211
6221
9851
9973

2111
6211
6221
9851
9973

4111
4211
6521
9851
9973

2111
6211
6521
9851
9973

5431
5531
7541
9851
9973

3331
7331
7541
9851
9973

2111
4111
7621
9851
9973

2111
4211
7621
9851
9973

2111
7211
7621
9851
9973

5431
5441
7741
9851
9973

2111
7321
7741
9851
9973

2111
7331
7741
9851
9973

6311
8311
8521
9851
9973

2111
3221
8641
9851
9973

7211
7321
8641
9851
9973

7211
7331
8641
9851
9973

2221
3331
8731
9851
9973

6421
8431
8731
9851
9973

2111
3331
8741
9851
9973

7211
7321
8741
9851
9973

7211
7331
8741
9851
9973

7211
7411
8821
9851
9973

6311
8311
8821
9851
9973

3221
5431
8831
9851
9973

3221
5531
8831
9851
9973

7321
7331
8831
9851
9973

6221
8431
8831
9851
9973

4211
9511
9521
9851
9973

7211
9511
9521
9851
9973

7411
9511
9521
9851
9973

2221
5531
9551
9851
9973

3221
5531
9551
9851
9973

5441
6551
9551
9851
9973

7321
7331
9551
9851
9973

7211
7541
9551
9851
9973

7411
7541
9551
9851
9973

7321
9431
9551
9851
9973

4111
9311
9721
9851
9973

4211
9311
9721
9851
9973

7211
9311
9721
9851
9973

4111
5431
5441
9871
9973

2111
3221
5521
9871
9973

2111
3221
5531
9871
9973

4211
5521
5531
9871
9973

4111
4211
6211
9871
9973

2111
2221
6221
9871
9973

4111
4421
6421
9871
9973

2111
2221
6521
9871
9973

2111
6221
6521
9871
9973

2111
2221
6551
9871
9973

2111
6221
6551
9871
9973

4111
4211
6661
9871
9973

2111
6211
6661
9871
9973

2111
4211
7211
9871
9973

2111
4111
7411
9871
9973

2221
7321
7621
9871
9973

3221
7321
7621
9871
9973

2111
7331
7741
9871
9973

2111
3221
8221
9871
9973

2111
3221
8521
9871
9973

3221
5521
8521
9871
9973

3221
6521
8521
9871
9973

7211
7331
8641
9871
9973

7211
7321
8731
9871
9973

2111
3331
8741
9871
9973

7211
7331
8741
9871
9973

2221
3331
8761
9871
9973

7621
7741
8761
9871
9973

6211
8311
8761
9871
9973

6421
8431
8761
9871
9973

2111
3221
8821
9871
9973

3221
5521
8821
9871
9973

3221
6421
8821
9871
9973

3221
6521
8821
9871
9973

7411
7621
8821
9871
9973

6211
8521
8821
9871
9973

6221
8521
8821
9871
9973

6521
8521
8821
9871
9973

2111
3221
8831
9871
9973

7411
7621
8831
9871
9973

6211
8521
8831
9871
9973

3221
5431
8861
9871
9973

3221
5441
8861
9871
9973

3221
5531
8861
9871
9973

7321
7331
8861
9871
9973

7211
7411
8861
9871
9973

5521
7541
8861
9871
9973

7321
7741
8861
9871
9973

6311
8311
8861
9871
9973

6221
8431
8861
9871
9973

6421
8641
8861
9871
9973

6421
8831
8861
9871
9973

6521
8831
8861
9871
9973

4111
9421
9431
9871
9973

2221
5521
9521
9871
9973

3221
5521
9521
9871
9973

5521
6521
9521
9871
9973

4111
9221
9521
9871
9973

7321
9421
9521
9871
9973

3331
5431
9551
9871
9973

5521
6551
9551
9871
9973

4111
9221
9551
9871
9973

7331
9431
9551
9871
9973

4211
9521
9551
9871
9973

7211
9521
9551
9871
9973

7411
9521
9551
9871
9973

7211
7321
9631
9871
9973

4111
9221
9631
9871
9973

4211
9311
9661
9871
9973

7211
9311
9661
9871
9973

7211
7321
9721
9871
9973

4421
9421
9721
9871
9973

7411
9421
9721
9871
9973

7211
7411
9811
9871
9973

4111
9511
9811
9871
9973

4211
9511
9811
9871
9973

7211
9511
9811
9871
9973

2111
5521
9851
9871
9973

2111
5531
9851
9871
9973

5521
6551
9851
9871
9973

7411
7621
9851
9871
9973

4111
9221
9851
9871
9973

4211
9421
9851
9871
9973

7211
9421
9851
9871
9973

4211
9431
9851
9871
9973

7211
9431
9851
9871
9973

4111
9521
9851
9871
9973

4211
9521
9851
9871
9973

7211
9521
9851
9871
9973

5521
9551
9851
9871
9973

4111
9631
9851
9871
9973

5431
9631
9851
9871
9973

7411
9631
9851
9871
9973

2111
3331
5431
9931
9973

2111
3331
8431
9931
9973

2111
3331
8731
9931
9973

6211
8431
8731
9931
9973

7211
7331
8831
9931
9973

2111
5431
9631
9931
9973

4111
9431
9631
9931
9973

7411
9431
9631
9931
9973

3221
4421
4441
9941
9973

2111
7321
7331
9941
9973

2221
7321
7541
9941
9973

3221
7321
7541
9941
9973

2221
7331
7541
9941
9973

3221
7331
7541
9941
9973

2111
4211
7741
9941
9973

2221
5431
7741
9941
9973

2111
7211
7741
9941
9973

3331
5431
8431
9941
9973

2221
3221
8641
9941
9973

3221
6221
8641
9941
9973

6221
8221
8641
9941
9973

6421
8431
8641
9941
9973

2111
3221
8731
9941
9973

6211
8521
8731
9941
9973

3221
5431
8741
9941
9973

3221
5521
8741
9941
9973

3221
5531
8741
9941
9973

3221
6421
8741
9941
9973

3221
6521
8741
9941
9973

7211
7411
8741
9941
9973

7211
7541
8741
9941
9973

7211
7741
8741
9941
9973

6221
8431
8741
9941
9973

6221
8521
8741
9941
9973

6521
8521
8741
9941
9973

6221
8731
8741
9941
9973

7321
7621
8821
9941
9973

2111
3221
8831
9941
9973

7211
7321
8831
9941
9973

6311
8521
8831
9941
9973

3331
5431
9431
9941
9973

4211
9421
9431
9941
9973

7211
9421
9431
9941
9973

7211
7621
9631
9941
9973

4211
9221
9631
9941
9973

7211
9221
9631
9941
9973

4111
9421
9631
9941
9973

7411
9421
9631
9941
9973

5431
9431
9631
9941
9973

2221
5521
9721
9941
9973

3221
5521
9721
9941
9973

5521
6521
9721
9941
9973

5521
9521
9721
9941
9973

4211
9521
9931
9941
9973

7211
9521
9931
9941
9973

5531
9631
9931
9941
9973

