44111
55411
65521
65551
77773

43331
54331
66431
66541
77773

54331
55331
66431
66541
77773

22111
63211
74311
74411
77773

22111
33211
63211
75211
77773

33311
33331
54331
75431
77773

33211
33311
54311
75511
77773

63311
74311
74411
75511
77773

63311
74311
74441
75541
77773

33331
54331
66431
76541
77773

43331
54331
66431
76541
77773

33311
54421
66431
76541
77773

33211
54311
66541
76541
77773

42221
55331
66541
76541
77773

44221
55331
66541
76541
77773

44111
55411
66541
76541
77773

44111
55441
66541
76541
77773

42221
43321
75521
76541
77773

42221
43321
75541
76541
77773

42221
43331
75541
76541
77773

42221
73331
75541
76541
77773

63311
74311
76441
76541
77773

63311
74411
76441
76541
77773

63311
74441
76441
76541
77773

44111
75211
76441
76541
77773

65111
75211
76441
76541
77773

22111
33311
65521
76651
77773

33211
54331
66541
76651
77773

44111
55331
66541
76651
77773

22111
63311
75521
76651
77773

22111
63331
75541
76651
77773

22111
65111
76421
76651
77773

63211
73331
75431
77431
77773

33211
63311
65521
77551
77773

43321
55331
66431
77551
77773

43321
43331
75431
77551
77773

43321
73331
75431
77551
77773

63211
73331
75541
77551
77773

22111
63211
76421
77551
77773

22111
63311
76421
77551
77773

44111
75211
76421
77551
77773

43331
75431
76441
77551
77773

63311
75431
76441
77551
77773

63331
75431
76441
77551
77773

63311
76421
76441
77551
77773

44111
75431
76541
77551
77773

44111
74411
77521
77551
77773

33211
63211
63311
77611
77773

22111
63311
76511
77611
77773

63211
75211
76511
77611
77773

42221
54331
66541
77641
77773

42221
43321
76541
77641
77773

42221
43331
76541
77641
77773

42221
44221
76541
77641
77773

22111
63311
76541
77641
77773

42221
73331
76541
77641
77773

63211
75211
76541
77641
77773

43331
75431
76631
77641
77773

63331
75431
76631
77641
77773

44111
75521
76631
77641
77773

63211
75521
76631
77641
77773

63311
76421
76631
77641
77773

42221
72221
77521
77641
77773

22111
63211
76511
77711
77773

22111
63311
76511
77711
77773

44111
75211
76511
77711
77773

63211
75511
76511
77711
77773

22111
43331
66431
77731
77773

63211
75431
76631
77731
77773

22111
43331
66431
77761
77773

22111
63311
76441
77761
77773

22111
63211
76541
77761
77773

22111
63311
76541
77761
77773

44111
75211
76541
77761
77773

63211
75511
76541
77761
77773

63211
76511
76541
77761
77773

63211
75431
76631
77761
77773

44221
75431
76651
77761
77773

63211
75431
76651
77761
77773

33311
54311
54421
65551
97777

54311
55411
55441
75541
97777

43321
54331
74441
75541
97777

43321
64333
64433
75553
97777

44221
55333
75533
75553
97777

33211
44221
66221
76421
97777

42221
43321
55441
76441
97777

33211
44221
66431
76441
97777

42221
43321
55541
76541
97777

42221
43331
55541
76541
97777

22111
55411
66541
76541
97777

22111
55441
66541
76541
97777

22111
72221
75431
76541
97777

42221
73331
75541
76541
97777

43321
54421
76421
76541
97777

43321
54331
76441
76541
97777

43321
54421
76441
76541
97777

22111
75211
76441
76541
97777

44111
75211
76441
76541
97777

33211
44221
66541
76651
97777

22111
55331
66541
76651
97777

22111
73331
75541
76651
97777

44111
55331
76541
76651
97777

33311
33331
43331
77431
97777

33311
33331
63331
77431
97777

33311
43331
63331
77431
97777

33311
63331
73331
77431
97777

33211
63331
75431
77431
97777

33211
43321
65521
77521
97777

44221
55333
76543
77543
97777

33211
33311
43321
77551
97777

33211
33311
65521
77551
97777

22111
55411
65521
77551
97777

22111
54421
66541
77551
97777

43321
73331
75431
77551
97777

33211
63311
75521
77551
97777

33211
63331
75541
77551
97777

22111
75431
75541
77551
97777

22111
74311
76421
77551
97777

44111
75211
76421
77551
97777

33311
66431
76441
77551
97777

33331
66431
76441
77551
97777

43331
75431
76441
77551
97777

44111
75431
76541
77551
97777

44111
74411
77521
77551
97777

33211
43321
65521
77621
97777

22111
54311
66541
77641
97777

42221
63331
66541
77641
97777

42221
55331
75541
77641
97777

33211
63211
75541
77641
97777

33211
63311
75541
77641
97777

42221
54331
76541
77641
97777

44221
55331
76541
77641
97777

42221
73331
76541
77641
97777

22111
74311
76541
77641
97777

33211
65521
76631
77641
97777

33331
66431
76631
77641
97777

43331
75431
76631
77641
97777

44111
75521
76631
77641
97777

42221
72221
77521
77641
97777

44221
77521
77621
77641
97777

22111
54331
66431
77731
97777

33211
66431
76631
77731
97777

44111
54331
77431
77731
97777

42221
64333
66643
77743
97777

43321
66533
66643
77743
97777

43331
55333
76333
77743
97777

43321
55333
76543
77743
97777

33211
65543
76543
77743
97777

44221
75533
76543
77743
97777

43321
76333
76543
77743
97777

22111
55331
65551
77761
97777

22111
54331
66431
77761
97777

22111
54311
66541
77761
97777

22111
75211
75541
77761
97777

22111
74311
76441
77761
97777

22111
74311
76541
77761
97777

44111
75211
76541
77761
97777

33211
66431
76631
77761
97777

42221
54331
76651
77761
97777

44221
55331
76651
77761
97777

33211
66431
76651
77761
97777

44221
75431
76651
77761
97777

44111
54331
77431
77761
97777

44111
54331
77551
77761
97777

44221
77521
77551
77761
97777

44221
77621
77731
77761
97777

22111
55333
65543
77773
97777

43331
66533
66653
77773
97777

43321
66553
66653
77773
97777

44111
55333
76543
77773
97777

33211
66533
76543
77773
97777

54311
64333
77543
77773
97777

22111
76333
77543
77773
97777

72211
83221
84221
84421
97777

33211
33331
54331
85531
97777

33211
43331
54331
85531
97777

22111
33331
75431
85531
97777

63211
74311
76441
86441
97777

22111
33331
75431
86531
97777

33211
43321
55331
87541
97777

33211
33311
55541
87541
97777

42221
55331
55541
87541
97777

22111
55411
55541
87541
97777

22111
55441
55541
87541
97777

63331
73331
75431
87541
97777

22111
33211
76441
87541
97777

22111
33311
76441
87541
97777

42221
43321
76541
87541
97777

42221
43331
76541
87541
97777

44111
44221
77431
87541
97777

22111
54311
86441
87541
97777

54311
55411
86441
87541
97777

54311
55441
86441
87541
97777

43321
66431
86441
87541
97777

33311
76441
86441
87541
97777

43321
85331
86441
87541
97777

54311
85411
86441
87541
97777

74311
85411
86441
87541
97777

22111
54421
86531
87541
97777

63211
76333
76543
87553
97777

42221
64333
86533
87553
97777

44221
85333
86533
87553
97777

54311
87433
87443
87553
97777

54331
87433
87443
87553
97777

74311
87433
87443
87553
97777

63311
75431
76631
87631
97777

22111
55331
85331
87631
97777

33211
33331
85531
87631
97777

22111
55331
85531
87631
97777

63211
63331
85531
87631
97777

33211
73331
85531
87631
97777

72211
85331
85531
87631
97777

22111
43331
86531
87631
97777

22111
54331
86531
87631
97777

44111
85331
86531
87631
97777

33211
33311
55541
87641
97777

42221
55331
55541
87641
97777

22111
33311
66541
87641
97777

22111
33311
76541
87641
97777

42221
43321
76541
87641
97777

42221
43331
76541
87641
97777

42221
44221
76541
87641
97777

63211
75211
76541
87641
97777

63331
75431
76631
87641
97777

63211
75521
76631
87641
97777

63311
76421
76631
87641
97777

66221
77521
77621
87641
97777

66221
77521
77641
87641
97777

22111
44111
86441
87641
97777

44111
65111
86441
87641
97777

22111
43321
86531
87641
97777

63211
66221
86531
87641
97777

72211
83221
86531
87641
97777

72211
84221
86531
87641
97777

42221
66221
87541
87641
97777

44221
84221
87541
87641
97777

72211
86311
87541
87641
97777

44221
87221
87541
87641
97777

54311
54421
87631
87641
97777

54311
84421
87631
87641
97777

74311
84421
87631
87641
97777

54331
84431
87631
87641
97777

54311
87421
87631
87641
97777

74311
87421
87631
87641
97777

44111
44221
77521
87721
97777

22111
42221
87221
87721
97777

44111
84221
87221
87721
97777

54331
55333
86533
87743
97777

33331
76333
86533
87743
97777

43331
85333
86533
87743
97777

54331
85333
86533
87743
97777

73331
85333
86533
87743
97777

44221
64333
87643
87743
97777

44221
64433
87643
87743
97777

44221
87433
87643
87743
97777

22111
55331
55441
87751
97777

22111
55331
55541
87751
97777

22111
33211
66221
87751
97777

22111
33331
66541
87751
97777

22111
33311
76421
87751
97777

22111
33331
76441
87751
97777

22111
33331
76541
87751
97777

63211
75521
76541
87751
97777

63211
76441
76651
87751
97777

63311
76541
76651
87751
97777

43321
63331
85331
87751
97777

22111
43321
86441
87751
97777

22111
43331
86441
87751
97777

22111
54331
86441
87751
97777

44111
85331
86441
87751
97777

43321
85331
86531
87751
97777

44221
85531
86531
87751
97777

44111
84211
87221
87751
97777

44111
87211
87221
87751
97777

22111
42221
87541
87751
97777

54311
54331
87541
87751
97777

44111
84221
87541
87751
97777

72211
86531
87541
87751
97777

44111
87221
87541
87751
97777

42221
66431
87631
87751
97777

44221
84431
87631
87751
97777

54331
87541
87641
87751
97777

54311
87631
87641
87751
97777

54331
87631
87641
87751
97777

74311
87631
87641
87751
97777

72211
72221
84221
94421
97777

44111
55411
55441
95441
97777

33211
74311
74441
95441
97777

63211
83221
84431
95441
97777

63211
84221
84431
95441
97777

33211
54311
94441
95441
97777

33211
33331
54331
95531
97777

22111
43331
75431
95531
97777

54311
55331
75431
95531
97777

22111
73331
75431
95531
97777

33311
54331
84431
95531
97777

72211
73331
85331
95531
97777

33211
54331
94331
95531
97777

33311
54331
96331
96431
97777

54421
75533
86533
96553
97777

43331
94433
96443
96553
97777

73331
94433
96443
96553
97777

22111
65543
66643
96643
97777

22111
33311
55541
96661
97777

33211
74311
76541
96661
97777

22111
33331
85531
96661
97777

33211
54331
86531
96661
97777

65111
85331
86531
96661
97777

33311
43321
43331
97441
97777

33211
33311
55441
97441
97777

22111
74411
76441
97441
97777

33211
75211
76441
97441
97777

22111
76421
77431
97441
97777

72211
74311
86441
97441
97777

63211
86311
86441
97441
97777

66221
87221
87421
97441
97777

22111
55411
95441
97441
97777

72211
75211
95441
97441
97777

72211
95311
95441
97441
97777

22111
54421
96431
97441
97777

72211
94321
96431
97441
97777

33211
76333
76543
97553
97777

54421
75533
86533
97553
97777

74411
77543
87553
97553
97777

33311
55333
96443
97553
97777

33211
33331
55541
97651
97777

22111
63331
66541
97651
97777

22111
55331
75541
97651
97777

33211
73331
75541
97651
97777

22111
44111
76421
97651
97777

22111
43321
76541
97651
97777

22111
43331
76541
97651
97777

22111
54331
76541
97651
97777

22111
73331
76541
97651
97777

54311
55441
76651
97651
97777

33211
75541
76651
97651
97777

33311
76441
76651
97651
97777

33211
76541
76651
97651
97777

22111
76511
77621
97651
97777

54311
54421
77641
97651
97777

72221
73331
86531
97651
97777

72211
72221
87541
97651
97777

54331
74441
87641
97651
97777

54311
77431
87641
97651
97777

54331
77431
87641
97651
97777

74311
77431
87641
97651
97777

74411
77521
87641
97651
97777

76511
77521
87641
97651
97777

66431
87541
87641
97651
97777

22111
63331
66541
97771
97777

22111
75211
75511
97771
97777

22111
55331
75541
97771
97777

22111
43321
76421
97771
97777

22111
54311
76511
97771
97777

22111
74311
76511
97771
97777

33211
75511
76511
97771
97777

22111
43331
76541
97771
97777

22111
54331
76541
97771
97777

54311
55331
76541
97771
97777

22111
73331
76541
97771
97777

33211
76421
76631
97771
97777

33211
75431
76651
97771
97777

33211
76421
76651
97771
97777

22111
42221
77521
97771
97777

22111
72221
77521
97771
97777

54311
54331
77551
97771
97777

22111
33211
86311
97771
97777

33331
55331
86531
97771
97777

33211
65521
86531
97771
97777

63331
85331
86531
97771
97777

72211
72221
87221
97771
97777

54311
74311
87511
97771
97777

72211
76511
87511
97771
97777

72211
76421
87631
97771
97777

54311
77521
87631
97771
97777

74311
77521
87631
97771
97777

74411
77521
87631
97771
97777

54311
77621
87631
97771
97777

74311
77621
87631
97771
97777

66221
87221
87721
97771
97777

74411
77431
87751
97771
97777

33211
55411
96661
97771
97777

72211
74311
96661
97771
97777

74311
75511
96661
97771
97777

72211
76511
97511
97771
97777

72211
76421
97651
97771
97777

74311
77521
97651
97771
97777

74411
77521
97651
97771
97777

76421
77551
97651
97771
97777

74311
77621
97651
97771
97777

72211
96331
97651
97771
97777

72211
96431
97651
97771
97777

44111
94111
97711
97771
97777

72211
96211
97711
97771
97777

43321
43331
54331
77431
99733

44221
54331
75431
77431
99733

42221
55331
75431
77431
99733

43321
43331
54331
77731
99733

42221
55331
76631
77731
99733

42221
75431
76631
77731
99733

43321
43331
73331
84431
99733

42221
43331
73331
86531
99733

43321
43331
75431
86531
99733

43321
63331
84431
86531
99733

44221
85331
85531
86531
99733

42221
85331
85531
87631
99733

72221
85331
85531
87631
99733

42221
85331
86531
87631
99733

72221
85331
86531
87631
99733

72221
73331
94331
95531
99733

42221
43331
66431
96431
99733

43321
54331
55331
98731
99733

72221
73331
87631
98731
99733

43321
94331
95531
98731
99733

44221
94331
96431
99431
99733

42221
96331
96431
99431
99733

72221
96331
96431
99431
99733

