33211
33331
54331
64333
64433
97777

33211
33311
54331
66533
66553
97777

22111
42221
43331
66643
66653
97777

33311
43321
66431
66643
66653
97777

33331
43331
66431
66643
66653
97777

33211
33331
55331
55333
75533
97777

33211
33311
55331
55333
75553
97777

33211
33311
33331
64333
75553
97777

22111
33211
54331
64433
75553
97777

33211
43321
55331
65543
75553
97777

33311
33331
55331
55333
76333
97777

44221
54331
55331
55333
76543
97777

22111
33211
54311
64433
76543
97777

33211
43331
55331
65543
76543
97777

33311
43321
55541
65543
76543
97777

33331
43331
55541
65543
76543
97777

33211
54311
74311
75533
76543
97777

33311
43321
75521
75533
76543
97777

33211
54331
55331
65543
77543
97777

33331
54331
55541
65543
77543
97777

33311
54311
75511
75533
77543
97777

33311
74311
75511
75533
77543
97777

63311
74311
75511
75533
77543
97777

55411
65521
75541
76543
77543
97777

55511
65521
75541
76543
77543
97777

65111
75521
75541
76543
77543
97777

33211
54311
75511
75533
77743
97777

33211
74311
75511
75533
77743
97777

63211
74311
75511
75533
77743
97777

44111
44221
74441
76543
77743
97777

65111
76421
76441
76543
77743
97777

55331
66431
76541
76543
77743
97777

33311
76421
76541
76543
77743
97777

63311
76421
76541
76543
77743
97777

65111
76421
76541
76543
77743
97777

33211
55333
75533
77543
77743
97777

33331
75431
75541
77543
77743
97777

63331
75431
75541
77543
77743
97777

54331
66431
76541
77543
77743
97777

33211
54311
75511
75553
77773
97777

33211
74311
75511
75553
77773
97777

63211
74311
75511
75553
77773
97777

33211
54311
75521
75553
77773
97777

33211
74311
75521
75553
77773
97777

63211
74311
75521
75553
77773
97777

33211
54311
75541
75553
77773
97777

33211
74311
75541
75553
77773
97777

63211
74311
75541
75553
77773
97777

44111
44221
74441
76543
77773
97777

65111
76421
76441
76543
77773
97777

33311
76421
76541
76543
77773
97777

63311
76421
76541
76543
77773
97777

65111
76421
76541
76543
77773
97777

33311
76421
77521
77543
77773
97777

63311
76421
77521
77543
77773
97777

33211
33311
54311
64333
84443
97777

22111
33311
43321
55333
85333
97777

33311
33331
63331
64333
85333
97777

33211
33331
54331
66533
86533
97777

33211
43331
54331
66533
86533
97777

33211
33331
63331
66533
86533
97777

33311
63311
75521
75533
86533
97777

33211
63331
73331
76333
86533
97777

33211
43331
55331
85333
86533
97777

33211
43331
85331
85333
86533
97777

42221
43321
55331
55333
87433
97777

22111
43331
63331
64433
87433
97777

33311
43321
54421
87433
87443
97777

33311
63311
74411
87433
87443
97777

43321
55331
75431
87433
87443
97777

22111
42221
76421
87433
87443
97777

22111
72221
76421
87433
87443
97777

33311
43321
84421
87433
87443
97777

43321
63331
84431
87433
87443
97777

22111
33211
33331
64433
87553
97777

22111
63211
63331
64433
87553
97777

42221
43331
55331
75533
87553
97777

55331
55333
75533
76543
87553
97777

43321
55331
55541
77543
87553
97777

43331
55333
75533
77543
87553
97777

43321
55331
75541
77543
87553
97777

63311
86311
86531
86533
87553
97777

63211
83311
84431
87433
87553
97777

33311
43321
54331
87443
87553
97777

33211
43321
84431
87443
87553
97777

44221
66431
86441
87443
87553
97777

22111
33211
55411
75533
87643
97777

33311
74311
75511
75533
87643
97777

55331
55333
65543
76543
87643
97777

54311
54421
74441
76543
87643
97777

22111
72221
74441
76543
87643
97777

33331
66431
76441
76543
87643
97777

33211
76421
76441
76543
87643
97777

33311
76421
76441
76543
87643
97777

43331
55331
55541
77543
87643
97777

43331
55331
75541
77543
87643
97777

22111
72221
76441
77543
87643
97777

33211
66431
77431
77543
87643
97777

33311
66431
77431
77543
87643
97777

22111
72211
74411
86533
87643
97777

65111
86111
86311
86533
87643
97777

33211
43321
54421
87433
87643
97777

33211
63211
74411
87433
87643
97777

33211
63311
74411
87433
87643
97777

33211
43321
84421
87433
87643
97777

63211
83221
84421
87433
87643
97777

33211
43331
84431
87443
87643
97777

22111
42221
43321
55333
87743
97777

22111
33211
33311
64333
87743
97777

22111
63211
63311
64333
87743
97777

22111
33211
55411
75533
87743
97777

33211
74311
75511
75533
87743
97777

22111
72211
74311
76333
87743
97777

44111
54421
74441
76543
87743
97777

22111
72221
74441
76543
87743
97777

22111
76421
76441
76543
87743
97777

33331
66431
76541
76543
87743
97777

22111
76421
76541
76543
87743
97777

33311
76421
76541
76543
87743
97777

33331
75431
75541
77543
87743
97777

22111
72221
76441
77543
87743
97777

43331
55331
55441
77743
87743
97777

22111
72221
76441
77743
87743
97777

22111
72221
76541
77743
87743
97777

33331
66533
77543
77743
87743
97777

33211
66221
77641
77743
87743
97777

22111
42221
43321
85333
87743
97777

22111
72211
74411
86533
87743
97777

43321
66431
86531
86533
87743
97777

22111
42221
66221
87433
87743
97777

33211
63311
74311
87433
87743
97777

22111
42221
76421
87433
87743
97777

22111
72221
76421
87433
87743
97777

33211
43331
54331
87443
87743
97777

22111
42221
76441
87443
87743
97777

22111
72221
76441
87443
87743
97777

44111
66221
86441
87443
87743
97777

22111
33311
54311
64433
95443
97777

22111
83221
94421
94433
95443
97777

22111
84221
94421
94433
95443
97777

22111
33311
54311
64433
96443
97777

33211
33311
63311
76333
96443
97777

22111
72211
74411
94433
96443
97777

22111
83221
94421
94433
96443
97777

33311
33331
75431
95443
96443
97777

63311
63331
75431
95443
96443
97777

33311
73331
75431
95443
96443
97777

33311
54331
84431
95443
96443
97777

54311
94321
95441
95443
96443
97777

74311
94321
95441
95443
96443
97777

22111
33211
54331
64433
96553
97777

43321
43331
55541
65543
96553
97777

33211
33311
43331
66533
96553
97777

33211
33311
43331
66553
96553
97777

33211
44221
66221
66553
96553
97777

33211
54311
54331
75533
96553
97777

33211
54311
54331
75553
96553
97777

33211
33311
63331
76333
96553
97777

43321
54331
76541
76543
96553
97777

33211
63311
85331
85333
96553
97777

22111
44111
54331
86533
96553
97777

33211
33311
63331
86533
96553
97777

33311
63311
86531
86533
96553
97777

43321
63331
86531
86533
96553
97777

42221
43331
84431
94433
96553
97777

42221
73331
84431
94433
96553
97777

72211
83311
84431
94433
96553
97777

22111
33211
94331
94433
96553
97777

33211
54421
84431
95443
96553
97777

63211
84421
84431
95443
96553
97777

72211
84421
84431
95443
96553
97777

33211
54421
66431
96443
96553
97777

66221
66431
76441
96443
96553
97777

72211
84421
84431
96443
96553
97777

66221
66431
86441
96443
96553
97777

33211
84421
96431
96443
96553
97777

44111
44221
55441
65543
96643
97777

33311
43331
66431
66643
96643
97777

22111
44111
74311
75533
96643
97777

54311
74311
75511
75533
96643
97777

43321
43331
54331
76333
96643
97777

22111
44221
74441
76543
96643
97777

43331
54331
76541
76543
96643
97777

43321
63331
85331
85333
96643
97777

22111
44111
54311
86533
96643
97777

22111
44221
54421
86533
96643
97777

43321
63331
86531
86533
96643
97777

72211
83221
84421
94433
96643
97777

72221
83221
84421
94433
96643
97777

33211
33331
75431
95443
96643
97777

63211
63331
75431
95443
96643
97777

33211
73331
75431
95443
96643
97777

33211
54331
84431
95443
96643
97777

33211
84221
94441
95443
96643
97777

72211
94321
94441
95443
96643
97777

33211
83221
95441
95443
96643
97777

33211
54331
66431
96443
96643
97777

33211
33331
84431
96443
96643
97777

63211
63331
84431
96443
96643
97777

63211
83221
86441
96443
96643
97777

63211
84221
86441
96443
96643
97777

33211
83221
94441
96443
96643
97777

72211
94321
94441
96443
96643
97777

33211
73331
96431
96443
96643
97777

63211
73331
96431
96443
96643
97777

22111
33211
63331
64433
97553
97777

42221
43331
55331
75533
97553
97777

33211
54311
55331
75533
97553
97777

33211
54311
55331
75553
97553
97777

43331
55333
75533
77543
97553
97777

43321
55331
75541
77543
97553
97777

22111
63211
63331
87433
97553
97777

22111
63211
73331
87433
97553
97777

33211
63311
84431
87433
97553
97777

44221
66431
76441
87443
97553
97777

44221
66431
86441
87443
97553
97777

33211
66221
87221
87553
97553
97777

22111
63211
63331
94433
97553
97777

54311
94321
94331
96443
97553
97777

74311
94321
94331
96443
97553
97777

33211
76421
96431
96443
97553
97777

63211
76421
96431
96443
97553
97777

65111
65521
75521
96553
97553
97777

55411
75511
85531
96553
97553
97777

55511
75511
85531
96553
97553
97777

55411
76511
86531
96553
97553
97777

55511
76511
86531
96553
97553
97777

63311
86311
86531
96553
97553
97777

65521
66533
86533
96553
97553
97777

43321
76333
86533
96553
97553
97777

65111
75511
95531
96553
97553
97777

33211
86311
96331
96553
97553
97777

