2221
3221
6221
9421
9433
9533
9733

4211
6211
7211
9421
9433
9533
9733

4111
6311
7411
9421
9433
9533
9733

4211
6311
7411
9421
9433
9533
9733

6211
6311
7411
9421
9433
9533
9733

2221
6221
9221
9421
9433
9533
9733

6211
6311
8431
9431
9433
9533
9733

2111
4421
4441
6551
6553
6653
9973

3221
5521
5531
6551
6553
6653
9973

2221
3221
6221
6551
6553
6653
9973

2221
3221
6521
6551
6553
6653
9973

3221
5521
6521
6551
6553
6653
9973

4111
6211
6221
6551
6553
7753
9973

4211
6211
6221
6551
6553
7753
9973

4111
6311
6521
6551
6553
7753
9973

4111
4211
5521
6551
6653
7753
9973

4211
6211
6421
6551
6653
7753
9973

3221
4421
6521
6551
6653
7753
9973

4111
6211
6521
6551
6653
7753
9973

6221
6421
6521
6551
6653
7753
9973

4211
6221
7321
7331
7333
7753
9973

4111
4211
6211
7211
7643
7753
9973

4211
6211
7211
7411
7643
7753
9973

2221
6221
6421
7541
7643
7753
9973

2221
6421
6521
7541
7643
7753
9973

2111
2221
4421
5431
8443
8543
9973

2111
2221
4441
5441
8443
8543
9973

4211
6221
7321
7331
8443
8543
9973

4211
6211
7211
7411
8443
8543
9973

4111
4211
6211
8311
8443
8543
9973

4111
4421
6421
8431
8443
8543
9973

2111
6221
6421
8431
8443
8543
9973

2111
4111
4211
5521
6553
8663
9973

2111
5441
5443
6553
6653
8663
9973

4111
5441
5443
6553
6653
8663
9973

4111
4211
6311
6521
7643
8663
9973

4111
4211
7331
7541
7643
8663
9973

4111
7211
7331
7541
7643
8663
9973

4211
6211
7211
7321
8443
8663
9973

3221
3331
5431
8431
8443
8663
9973

2111
3331
5431
5441
8543
8663
9973

2111
3331
5333
5443
8543
8663
9973

2221
3221
5521
5531
8543
8663
9973

2111
4111
4211
6521
8543
8663
9973

4211
6211
6221
6521
8543
8663
9973

4111
6211
6311
6521
8543
8663
9973

4111
6211
7211
7321
8543
8663
9973

4111
6311
7333
7433
8543
8663
9973

2111
5431
5531
7541
8543
8663
9973

4111
6211
7331
7541
8543
8663
9973

3221
4421
6421
8431
8543
8663
9973

4111
4211
6311
8521
8543
8663
9973

2111
6211
6311
8521
8543
8663
9973

4111
8111
8221
8521
8543
8663
9973

2111
7211
8311
8521
8543
8663
9973

2111
4111
4211
5531
6653
8753
9973

4211
5431
5531
6551
6653
8753
9973

6221
6421
6521
6551
6653
8753
9973

6211
6221
7321
7331
7333
8753
9973

4211
7331
7333
7433
7643
8753
9973

2221
3221
4421
7541
7643
8753
9973

3221
4421
5521
7541
7643
8753
9973

2111
2221
4441
6551
7753
8753
9973

4111
4211
6421
6551
7753
8753
9973

3221
5521
6521
6551
7753
8753
9973

4111
4421
5443
6653
7753
8753
9973

4111
4441
5443
6653
7753
8753
9973

5431
6551
6553
6653
7753
8753
9973

2221
3331
7433
7643
7753
8753
9973

6211
6311
7433
7643
7753
8753
9973

4111
7411
7433
7643
7753
8753
9973

2221
3221
4421
4441
8443
8753
9973

4111
6211
7211
7411
8443
8753
9973

2221
6221
6421
8431
8443
8753
9973

2111
4111
4421
5431
6553
8863
9973

2111
4211
4421
5531
6553
8863
9973

2111
2221
4421
6521
6553
8863
9973

6221
6421
6521
6551
6553
8863
9973

2111
4111
4421
5531
6653
8863
9973

2111
4211
4421
5531
6653
8863
9973

2111
2221
4421
6521
6653
8863
9973

4211
5441
5443
6553
6653
8863
9973

4111
4211
6421
6521
7643
8863
9973

4111
4211
7211
7321
7643
8863
9973

3221
4441
5441
7541
7643
8863
9973

2111
3331
7331
7541
7643
8863
9973

4211
7211
7411
7621
7643
8863
9973

4111
4211
6211
6221
7753
8863
9973

4111
4211
6311
6421
7753
8863
9973

4111
4211
6311
6521
7753
8863
9973

4111
4211
6311
6551
7753
8863
9973

4111
4421
6553
6653
7753
8863
9973

2111
2221
3221
7621
7753
8863
9973

2221
3221
4421
7621
7753
8863
9973

4111
4211
7211
7621
7753
8863
9973

4211
7211
7411
7621
7753
8863
9973

2221
3221
7321
7741
7753
8863
9973

3221
6221
7321
7741
7753
8863
9973

6211
6311
7411
7741
7753
8863
9973

6311
6421
7541
7741
7753
8863
9973

4211
6211
6221
6421
8443
8863
9973

4111
6211
7211
7321
8443
8863
9973

2221
3221
7321
7331
8443
8863
9973

2111
3331
5431
5441
8543
8863
9973

2111
4111
5431
5441
8543
8863
9973

2111
4211
5431
5531
8543
8863
9973

2221
4421
5521
5531
8543
8863
9973

2111
4111
4421
6421
8543
8863
9973

2111
4211
4421
6521
8543
8863
9973

4111
6211
6221
6521
8543
8863
9973

4111
6211
6421
6521
8543
8863
9973

2221
6221
6421
8431
8543
8863
9973

4111
4211
6211
8521
8543
8863
9973

4111
4211
6221
8521
8543
8863
9973

2111
6211
6221
8521
8543
8863
9973

4111
4211
6421
8521
8543
8863
9973

2111
6211
6421
8521
8543
8863
9973

2111
7211
8221
8521
8543
8863
9973

2221
3221
4421
4441
8663
8863
9973

2111
2221
4421
5521
8663
8863
9973

2111
4111
5521
5531
8663
8863
9973

4111
6221
6421
6521
8663
8863
9973

2111
4421
4441
6661
8663
8863
9973

4111
4421
5431
6661
8663
8863
9973

4111
4421
5441
6661
8663
8863
9973

4211
6211
6421
6661
8663
8863
9973

4211
6211
6521
6661
8663
8863
9973

4111
6311
6521
6661
8663
8863
9973

4111
6211
7211
7331
8663
8863
9973

4211
6311
7321
7331
8663
8863
9973

4111
4211
4441
7541
8663
8863
9973

4111
6311
7331
7541
8663
8863
9973

6211
6221
6421
7621
8663
8863
9973

6211
6221
6521
7621
8663
8863
9973

2111
5431
5443
7643
8663
8863
9973

4211
6211
7433
7643
8663
8863
9973

4111
4211
6211
8311
8663
8863
9973

4211
4421
6421
8521
8663
8863
9973

2111
6221
6421
8521
8663
8863
9973

4111
4211
5443
8543
8663
8863
9973

4211
5431
5443
8543
8663
8863
9973

4211
5431
8443
8543
8663
8863
9973

2111
7211
8443
8543
8663
8863
9973

7211
7411
8443
8543
8663
8863
9973

4111
8111
8443
8543
8663
8863
9973

4211
8431
8443
8543
8663
8863
9973

4111
5431
5441
8641
8663
8863
9973

2221
6221
6421
8641
8663
8863
9973

2221
6221
6521
8641
8663
8863
9973

2111
7411
8431
8641
8663
8863
9973

4421
5521
8521
8641
8663
8863
9973

3221
8221
8521
8641
8663
8863
9973

2111
4111
4211
6421
8753
8863
9973

4111
6211
6311
6421
8753
8863
9973

4211
6211
6311
6421
8753
8863
9973

4111
6211
6311
6521
8753
8863
9973

3331
4441
5441
6551
8753
8863
9973

4111
6211
6311
6551
8753
8863
9973

3331
4441
5443
6553
8753
8863
9973

3331
4441
5443
6653
8753
8863
9973

4111
6421
6553
6653
8753
8863
9973

4421
6421
6553
6653
8753
8863
9973

6211
6221
6421
7621
8753
8863
9973

4111
6211
7211
7621
8753
8863
9973

4211
6211
7411
7621
8753
8863
9973

4211
6211
7211
7741
8753
8863
9973

2221
3221
7321
7741
8753
8863
9973

4211
6311
7411
7741
8753
8863
9973

6311
6421
6553
7753
8753
8863
9973

4111
4211
6211
8221
8753
8863
9973

4111
8111
8221
8431
8753
8863
9973

4111
4421
5443
8443
8753
8863
9973

4111
4441
5443
8443
8753
8863
9973

4111
5441
5443
8443
8753
8863
9973

4111
4211
6311
8521
8753
8863
9973

2111
6211
6311
8521
8753
8863
9973

2111
7211
8311
8521
8753
8863
9973

4111
4211
6211
8641
8753
8863
9973

2221
6221
6421
8641
8753
8863
9973

7211
7331
8431
8731
8753
8863
9973

4111
5521
8641
8741
8753
8863
9973

2111
7321
8641
8741
8753
8863
9973

2111
7541
8641
8741
8753
8863
9973

2111
7621
8641
8741
8753
8863
9973

4111
8221
8641
8741
8753
8863
9973

4111
8521
8641
8741
8753
8863
9973

2111
4111
4211
5431
7433
9433
9973

4211
6211
7211
9431
9433
9533
9973

4111
6211
7411
9431
9433
9533
9973

2111
6211
6311
7541
7643
9643
9973

2111
2221
3221
7331
8543
9643
9973

2111
3221
6221
7331
8543
9643
9973

4111
6221
7321
7331
8543
9643
9973

2111
4421
5441
7541
8543
9643
9973

2111
4441
5441
7541
8543
9643
9973

2221
3221
6221
7541
8543
9643
9973

2221
3221
6521
7541
8543
9643
9973

2111
4111
7211
7541
8543
9643
9973

4211
6211
7211
7541
8543
9643
9973

4111
6211
6311
8311
8543
9643
9973

2111
4211
7211
8311
8543
9643
9973

4111
4211
7211
8311
8543
9643
9973

4211
4421
5443
8443
8543
9643
9973

4211
4441
5443
8443
8543
9643
9973

2221
4421
7433
8443
8543
9643
9973

4421
5431
8431
9431
9433
9643
9973

2221
5431
7433
9433
9533
9643
9973

4111
8111
8311
8431
9433
9733
9973

4111
6211
7211
9431
9433
9733
9973

4111
6211
7411
9431
9433
9733
9973

4211
6211
7411
9431
9433
9733
9973

6211
7211
7411
9431
9433
9733
9973

2111
4111
8311
9431
9433
9733
9973

3221
6221
7331
9431
9533
9733
9973

4211
7211
8311
9431
9533
9733
9973

4211
7211
9311
9431
9533
9733
9973

6211
7211
9311
9431
9533
9733
9973

3221
6221
7333
9433
9533
9733
9973

2111
2221
3221
5431
5443
9743
9973

2111
3221
4421
5431
5443
9743
9973

2221
3221
4421
5441
5443
9743
9973

2111
3221
4441
5441
5443
9743
9973

2111
4421
4441
5441
7643
9743
9973

2111
3221
5521
5531
7643
9743
9973

2221
6221
6421
7541
7643
9743
9973

2221
6421
6521
7541
7643
9743
9973

3221
7321
7331
7541
7643
9743
9973

2111
4211
7211
7411
8443
9743
9973

4111
6211
7211
7411
8443
9743
9973

4111
6221
6421
8431
8443
9743
9973

4211
6221
6421
8431
8443
9743
9973

6211
6221
6421
8431
8443
9743
9973

2111
3221
8221
8431
8443
9743
9973

2221
3221
6221
7541
8543
9743
9973

2111
4211
7211
7541
8543
9743
9973

4111
6211
7211
7541
8543
9743
9973

4211
6211
7211
7541
8543
9743
9973

2221
3221
5333
8443
8543
9743
9973

2111
2221
5521
5531
9643
9743
9973

2221
3221
4421
7541
9643
9743
9973

3221
4421
5521
7541
9643
9743
9973

3221
4421
5531
7541
9643
9743
9973

3221
6221
6421
7541
9643
9743
9973

3221
4421
6521
7541
9643
9743
9973

3221
6421
6521
7541
9643
9743
9973

6211
6221
8221
8431
9643
9743
9973

4111
5441
5443
8443
9643
9743
9973

6211
6221
8443
8543
9643
9743
9973

4211
8221
8443
8543
9643
9743
9973

7211
8221
8443
8543
9643
9743
9973

4211
6211
7211
9311
9643
9743
9973

6211
6221
8221
9431
9643
9743
9973

2111
6421
9421
9431
9643
9743
9973

2111
4111
4211
9511
9643
9743
9973

4211
6211
7411
9511
9643
9743
9973

6211
7211
7411
9511
9643
9743
9973

6211
6311
8311
9511
9643
9743
9973

4211
6221
7621
9631
9643
9743
9973

6211
6221
7621
9631
9643
9743
9973

6311
6421
7621
9631
9643
9743
9973

4211
6521
7621
9631
9643
9743
9973

6211
6521
7621
9631
9643
9743
9973

6311
7321
7621
9631
9643
9743
9973

3221
3331
7333
7433
9733
9743
9973

6221
7331
7333
9433
9733
9743
9973

6221
7331
9431
9631
9733
9743
9973

4211
6211
7211
9431
9433
9833
9973

2111
4111
8111
9431
9433
9833
9973

4211
6211
7411
9431
9533
9833
9973

4111
6311
7411
9431
9533
9833
9973

6211
7211
7411
9431
9533
9833
9973

3221
6221
7433
9433
9533
9833
9973

2111
6211
6311
8431
9733
9833
9973

2111
4111
4211
9431
9733
9833
9973

3221
6221
7331
9431
9733
9833
9973

4211
6311
7411
9431
9733
9833
9973

6211
6311
7411
9431
9733
9833
9973

2111
4211
8311
9431
9733
9833
9973

4111
4211
8311
9431
9733
9833
9973

4111
7211
8311
9431
9733
9833
9973

4211
7211
8311
9431
9733
9833
9973

2111
6211
9311
9431
9733
9833
9973

4111
7211
9311
9431
9733
9833
9973

4211
7211
9311
9431
9733
9833
9973

6211
7211
9311
9431
9733
9833
9973

3221
6221
7333
9433
9733
9833
9973

4421
6421
7433
9433
9733
9833
9973

6221
7321
7433
9433
9733
9833
9973

6221
7321
7333
9533
9733
9833
9973

4111
6211
7211
9631
9733
9833
9973

4211
6211
7411
9631
9733
9833
9973

6211
7211
7411
9631
9733
9833
9973

2221
6221
9431
9631
9733
9833
9973

2221
9221
9431
9631
9733
9833
9973

4111
7411
9511
9631
9733
9833
9973

