54311
54331
55331
65551
66553
66653
77773

54311
54421
55441
65551
66553
66653
77773

54311
54421
55541
65551
66553
66653
77773

22111
44111
54311
54331
55333
75533
77773

22111
44111
54311
55331
55333
75533
77773

22111
33311
33331
54331
55333
75553
77773

33211
33331
64333
64433
65543
75553
77773

33311
54311
55411
55441
65543
76543
77773

33211
54421
55441
55541
65543
76543
77773

33211
54311
55511
55541
65543
76543
77773

22111
44111
74311
74411
76543
77543
77773

22111
44111
74311
74441
76543
77543
77773

65111
66221
76441
76541
76543
77543
77773

63211
63311
76511
76541
76543
77543
77773

22111
43321
74441
76541
76543
77743
77773

22111
42221
72221
75431
77543
77743
77773

33311
43321
55541
75541
77543
77743
77773

44221
66221
66431
76441
77543
77743
77773

33311
43321
55541
76541
77543
77743
77773

44221
66221
66431
76541
77543
77743
77773

22111
42221
72221
77431
77543
77743
77773

33211
54311
54331
64433
66533
66553
97777

22111
33311
43331
55333
66533
66653
97777

22111
33331
43331
55333
66533
66653
97777

33311
54311
54331
65543
66553
66653
97777

33211
54331
55331
66533
66643
66653
97777

42221
44221
54421
54443
76543
77743
97777

44111
65111
75511
76543
77543
77743
97777

44221
66221
76421
76543
77543
77743
97777

22111
33211
33331
55333
65543
77773
97777

22111
42221
55331
55333
66533
77773
97777

33211
33311
63311
65543
66553
77773
97777

33211
43321
63331
65543
66553
77773
97777

33211
43321
63331
66533
66553
77773
97777

33311
43321
63331
66533
66653
77773
97777

65111
66431
66541
66553
66653
77773
97777

33211
43321
66431
66643
66653
77773
97777

42221
54421
55441
65543
75553
77773
97777

33211
33311
33331
66533
76543
77773
97777

22111
33211
44221
66533
76543
77773
97777

44111
54311
54421
66533
76543
77773
97777

33211
33311
43321
75533
76543
77773
97777

33211
33311
43331
75533
76543
77773
97777

33211
75211
75431
75533
76543
77773
97777

22111
33211
44221
64433
77543
77773
97777

33211
33311
43321
75533
77543
77773
97777

33211
33311
43331
75533
77543
77773
97777

33211
33311
55331
75533
77543
77773
97777

33211
33331
55331
76543
77543
77773
97777

44111
55331
75431
76543
77543
77773
97777

44111
65111
75541
76543
77543
77773
97777

22111
33211
44221
64333
77743
77773
97777

33311
33331
55331
76543
77743
77773
97777

44111
55331
75431
76543
77743
77773
97777

33311
33331
43331
77543
77743
77773
97777

33311
54331
55331
77543
77743
77773
97777

33311
54311
55541
77543
77743
77773
97777

33311
74311
75541
77543
77743
77773
97777

22111
33311
63331
65543
75553
87553
97777

33211
63211
75211
75533
75553
87553
97777

33211
63311
75511
75533
75553
87553
97777

63211
63311
75511
75533
75553
87553
97777

33211
43331
55541
76543
77543
87553
97777

44221
55331
75541
76543
77543
87553
97777

33211
63331
75541
76543
77543
87553
97777

63211
63331
75541
76543
77543
87553
97777

65111
66431
76441
76543
77543
87553
97777

55411
75431
76441
76543
77543
87553
97777

44111
44221
54421
66533
86533
87553
97777

22111
54311
54331
76333
87433
87553
97777

42221
43321
54421
64433
87443
87553
97777

42221
43321
54421
84443
87443
87553
97777

42221
43321
54421
87433
87443
87553
97777

42221
83221
84221
87433
87443
87553
97777

22111
73331
84431
87433
87443
87553
97777

72211
73331
84431
87433
87443
87553
97777

42221
84221
87221
87433
87443
87553
97777

33211
33311
63311
65543
66643
87643
97777

33211
63211
75211
76543
77543
87643
97777

33211
63211
75511
76543
77543
87643
97777

44111
75211
75511
76543
77543
87643
97777

44111
76421
76441
76543
77543
87643
97777

54311
76421
76441
76543
77543
87643
97777

55511
75511
76511
76543
77543
87643
97777

65111
66221
76541
76543
77543
87643
97777

55511
75521
76541
76543
77543
87643
97777

55511
75541
76541
76543
77543
87643
97777

54311
76421
76541
76543
77543
87643
97777

54311
76441
76541
76543
77543
87643
97777

43321
63331
73331
75533
86533
87643
97777

42221
43331
54331
64333
87433
87643
97777

22111
33311
54311
54443
87443
87643
97777

33311
43321
55541
76543
77543
87743
97777

33311
63311
75511
76543
77543
87743
97777

42221
72221
76421
76543
77543
87743
97777

55411
65521
66541
66643
77743
87743
97777

33311
43321
55541
76543
77743
87743
97777

33211
63211
75211
76543
77743
87743
97777

33311
63311
75511
76543
77743
87743
97777

55511
75511
76511
76543
77743
87743
97777

55511
75521
76541
76543
77743
87743
97777

55511
75541
76541
76543
77743
87743
97777

22111
33311
74411
77543
77743
87743
97777

42221
43331
54331
66533
86533
87743
97777

42221
43331
54331
64333
87433
87743
97777

22111
33311
54311
54443
87443
87743
97777

33211
43321
55441
66643
87643
87743
97777

22111
55411
55511
77543
87643
87743
97777

22111
55441
55541
77543
87643
87743
97777

22111
55411
75511
77543
87643
87743
97777

22111
55441
75541
77543
87643
87743
97777

42221
54421
87421
87443
87643
87743
97777

42221
84421
87421
87443
87643
87743
97777

72211
72221
92221
94433
95443
96443
97777

33211
54311
75511
75533
75553
96553
97777

33211
74311
75511
75533
75553
96553
97777

22111
33331
73331
75533
76543
96553
97777

22111
33311
33331
75533
86533
96553
97777

22111
33311
63331
75533
86533
96553
97777

22111
33331
63331
75533
86533
96553
97777

22111
43331
73331
75533
86533
96553
97777

42221
72221
92221
94433
95443
96553
97777

42221
72221
84221
94433
96443
96553
97777

42221
72221
92221
94433
96443
96553
97777

44111
44221
55541
65543
76543
96643
97777

33211
44221
84221
85333
95443
96643
97777

33211
44221
66221
76333
96443
96643
97777

33211
44221
84221
85333
96443
96643
97777

22111
33311
63311
95443
96443
96643
97777

63211
74441
94441
95443
96443
96643
97777

44111
74311
95311
95443
96443
96643
97777

44111
94111
95311
95443
96443
96643
97777

22111
33311
54311
66533
66553
97553
97777

33211
33311
55511
75533
75553
97553
97777

22111
33331
54331
66533
76543
97553
97777

33211
33331
55541
76543
77543
97553
97777

33211
73331
75541
76543
77543
97553
97777

42221
43321
54421
84443
87443
97553
97777

42221
43321
54421
87433
87443
97553
97777

22111
33331
84431
87433
87443
97553
97777

33211
33311
65521
66553
87553
97553
97777

33211
33311
55511
75533
87553
97553
97777

22111
55411
75431
77543
87553
97553
97777

33211
74411
75431
77543
87553
97553
97777

33211
33311
63311
87433
87553
97553
97777

33211
33311
33331
87443
87553
97553
97777

33211
33311
63331
87443
87553
97553
97777

63211
63311
63331
87443
87553
97553
97777

42221
72221
84221
94433
95443
97553
97777

42221
72221
83221
94433
96443
97553
97777

42221
44221
84221
94433
96443
97553
97777

42221
94321
94421
94433
96443
97553
97777

33211
55331
55441
95443
96443
97553
97777

22111
44111
54311
64433
96553
97553
97777

33211
63211
63311
75533
96553
97553
97777

33211
63211
63331
76543
96553
97553
97777

33211
63211
63311
86533
96553
97553
97777

33211
33311
43331
95443
96553
97553
97777

33211
63311
73331
95443
96553
97553
97777

63211
63311
73331
95443
96553
97553
97777

33211
33311
43331
96443
96553
97553
97777

33211
63311
73331
96443
96553
97553
97777

63211
63311
73331
96443
96553
97553
97777

54311
74311
84431
96443
96553
97553
97777

43321
73331
96431
96443
96553
97553
97777

22111
33311
33331
43331
64333
75533
99733

22111
33311
33331
43331
64433
75533
99733

44111
54311
74311
75521
75533
86533
99733

44111
54311
54331
85331
85333
86533
99733

44111
54311
55331
85331
85333
86533
99733

33211
33311
33331
43331
76333
87433
99733

33211
33311
33331
54331
76333
87433
99733

33211
33311
63331
73331
76333
87433
99733

22111
63311
63331
73331
76333
98533
99733

33211
33311
33331
66431
86533
98533
99733

33211
33311
63331
66431
86533
98533
99733

22111
44111
54331
75431
86533
98533
99733

22111
54311
74311
75521
86533
98533
99733

44111
55411
66431
86531
86533
98533
99733

33211
74311
74411
76421
87433
98533
99733

33211
74311
75431
77431
87433
98533
99733

42221
43321
54421
84421
87433
98533
99733

42221
43321
54421
87421
87433
98533
99733

42221
72221
92221
94321
94433
98533
99733

42221
72221
92221
94421
94433
98533
99733

