33211
33311
54311
55411
55441
65551
76651
97777

33311
54311
55411
55511
65521
65551
76651
97777

63211
63311
74311
74411
75431
76541
76651
97777

42221
43321
54331
74441
76441
76541
76651
97777

22111
33211
33311
54331
55331
76631
77641
97777

22111
33211
33331
54331
55331
76631
77641
97777

22111
44111
54311
54331
75431
77431
77641
97777

22111
44111
54311
54421
75521
77521
77641
97777

63211
63311
74311
75521
77521
77621
77641
97777

22111
33311
54311
76421
77521
77621
77641
97777

22111
33211
33311
54421
55441
76441
77761
97777

22111
33211
33331
54331
55441
76541
77761
97777

22111
33211
33331
55331
55441
76541
77761
97777

22111
33211
33311
54421
55541
76541
77761
97777

22111
33211
33311
55441
55541
76541
77761
97777

22111
63211
63331
66431
66541
76541
77761
97777

33311
54311
54331
55331
65551
76651
77761
97777

42221
43321
43331
55441
65551
76651
77761
97777

33211
54311
54331
55441
65551
76651
77761
97777

33211
54311
54331
55541
65551
76651
77761
97777

42221
43321
43331
75431
75541
76651
77761
97777

22111
33211
54311
74311
74411
77521
77761
97777

33311
54311
55331
55541
65551
77551
77761
97777

44111
54311
54421
65521
65551
77551
77761
97777

22111
33211
54311
76421
77521
77551
77761
97777

22111
33211
54311
76511
77611
77621
77761
97777

22111
44111
54311
54331
75431
77641
77761
97777

63211
63331
73331
74441
76541
77641
77761
97777

44111
54311
55411
55441
55541
66541
87541
97777

33211
33311
43321
43331
55331
86531
87631
97777

33211
33311
43321
63331
85331
86531
87631
97777

33211
33311
43321
73331
85331
86531
87631
97777

44111
54311
55411
55441
55541
66541
87641
97777

33311
54311
54421
65521
75521
76541
87641
97777

22111
44111
54311
54331
75431
77431
87641
97777

22111
44111
54311
54421
75521
77521
87641
97777

33311
54311
55411
65521
75521
77521
87641
97777

33311
55411
55511
65521
75521
77521
87641
97777

33311
54311
55511
65521
75521
77621
87641
97777

33311
55411
55511
65521
75521
77621
87641
97777

54311
55411
55511
65521
77521
77621
87641
97777

54311
55411
55511
75521
77521
77621
87641
97777

54311
55411
75511
75521
77521
77621
87641
97777

22111
63311
74311
76421
77521
77621
87641
97777

33211
33311
63311
74441
76441
77641
87641
97777

55411
55511
75511
75541
76541
77641
87641
97777

43331
55331
66431
76441
76541
77641
87641
97777

33311
54311
54331
66431
76631
77641
87641
97777

44111
55511
65521
75521
77521
77641
87641
97777

22111
33211
44221
66221
77621
77641
87641
97777

44111
55411
65521
75521
77621
77641
87641
97777

22111
63211
76421
77521
77621
77641
87641
97777

33211
33311
43331
63331
85331
86441
87641
97777

33211
33311
33331
73331
85331
86441
87641
97777

33211
33311
43331
73331
85331
86441
87641
97777

33211
63211
63311
63331
75431
86531
87641
97777

33211
33311
43331
63331
85331
86531
87641
97777

33211
33311
33331
73331
85331
86531
87641
97777

33211
33311
43331
73331
85331
86531
87641
97777

33311
54311
54421
65521
85531
86531
87641
97777

22111
72211
74411
75431
85531
86531
87641
97777

33311
54311
55411
55541
75541
87541
87641
97777

33311
55411
55511
55541
75541
87541
87641
97777

22111
44111
74311
74441
75541
87541
87641
97777

43331
55331
66431
66541
76541
87541
87641
97777

33211
33311
54331
75431
77431
87541
87641
97777

33211
33311
43331
63331
85331
87541
87641
97777

33211
33311
33331
73331
85331
87541
87641
97777

33211
33311
43331
73331
85331
87541
87641
97777

33211
63211
63331
84431
86531
87541
87641
97777

33211
33311
43321
54421
66431
87631
87641
97777

33211
33311
54311
75431
77431
87631
87641
97777

33211
33311
54331
75431
77431
87631
87641
97777

33211
33311
74311
75431
77431
87631
87641
97777

22111
33211
44221
54421
84431
87631
87641
97777

22111
54311
54331
84431
85531
87631
87641
97777

22111
33211
33311
74411
75431
76441
87751
97777

22111
33211
63311
74411
75431
76441
87751
97777

22111
33211
33311
54311
66431
76541
87751
97777

22111
33211
33311
74311
75431
76541
87751
97777

22111
33211
63311
74311
75431
76541
87751
97777

22111
33211
63211
74411
75431
76541
87751
97777

22111
33311
43321
65521
75521
76631
87751
97777

22111
33211
33311
54421
66431
76651
87751
97777

22111
33211
43321
54421
66431
76651
87751
97777

22111
42221
43321
54421
74441
76651
87751
97777

22111
44111
54311
74311
74441
76651
87751
97777

22111
33211
63211
75211
75521
76651
87751
97777

22111
33311
63311
75511
75521
76651
87751
97777

22111
33211
63211
75211
75541
76651
87751
97777

22111
33311
63311
75511
75541
76651
87751
97777

22111
42221
43321
54421
76421
76651
87751
97777

22111
33211
33311
74411
76421
76651
87751
97777

22111
33211
63311
74411
76421
76651
87751
97777

22111
42221
43321
54421
76441
76651
87751
97777

22111
33211
33311
74411
76441
76651
87751
97777

22111
33211
63311
74411
76441
76651
87751
97777

22111
33211
33311
74441
76441
76651
87751
97777

22111
33211
63311
74441
76441
76651
87751
97777

42221
43321
43331
66541
76541
76651
87751
97777

22111
33311
63311
76511
76541
76651
87751
97777

22111
65111
75211
76511
76541
76651
87751
97777

22111
33211
63211
76421
76631
76651
87751
97777

22111
33211
66221
76421
76631
76651
87751
97777

22111
44111
44221
54331
75431
77431
87751
97777

33211
33311
63311
74411
74441
77551
87751
97777

33211
33311
63311
74411
76421
77551
87751
97777

33211
33311
63311
74411
76441
77551
87751
97777

33211
33311
63311
74441
76441
77551
87751
97777

22111
42221
54421
76421
76541
77551
87751
97777

22111
63311
74411
76511
77521
77551
87751
97777

22111
33211
44221
66221
77521
77621
87751
97777

44111
55511
65521
75521
77521
77621
87751
97777

22111
44111
54311
74311
75431
77641
87751
97777

33211
33311
63311
74411
76631
77641
87751
97777

22111
44111
44221
54331
75431
77731
87751
97777

44111
55411
65521
75521
77521
77731
87751
97777

22111
33211
43321
54331
84431
85531
87751
97777

33211
63211
63311
83311
85331
86441
87751
97777

22111
33311
43321
54331
85331
86531
87751
97777

22111
33311
43321
55331
85331
86531
87751
97777

22111
42221
43321
75431
85531
86531
87751
97777

22111
83221
84221
84421
84431
87541
87751
97777

22111
63211
66221
66431
76631
87631
87751
97777

43321
54331
55331
85331
85531
87631
87751
97777

33311
54311
74311
86311
86531
87641
87751
97777

22111
75211
75511
77611
87631
87641
87751
97777

22111
63211
63311
87511
87631
87641
87751
97777

22111
33311
76511
87511
87631
87641
87751
97777

33211
33311
54311
54331
55331
76441
96661
97777

33211
33311
54311
54331
55331
76541
96661
97777

33211
33311
54311
54421
55441
76541
96661
97777

33311
54311
55411
75521
75541
76541
96661
97777

22111
44111
75211
75511
76631
76651
96661
97777

22111
33211
63211
63311
73331
84431
96661
97777

33211
33311
54311
55411
75431
85531
96661
97777

33211
33311
74311
74411
75431
86531
96661
97777

22111
33211
63211
63311
83311
94421
96661
97777

22111
33311
63311
84421
94441
95441
96661
97777

22111
33311
63331
84431
94441
95441
96661
97777

22111
63311
73331
84431
94441
95441
96661
97777

33211
33311
54311
55411
75431
95531
96661
97777

22111
33311
63311
74411
84431
96431
96661
97777

33211
33311
63311
74311
96331
96431
96661
97777

33211
33311
74311
95311
96331
96431
96661
97777

22111
94111
95111
95311
96331
96431
96661
97777

22111
72211
72221
92221
94321
95441
97441
97777

22111
72211
72221
92221
94331
96431
97441
97777

22111
63211
66221
96221
96331
96431
97441
97777

42221
43321
43331
54331
55331
66431
97651
97777

42221
43321
43331
54331
55331
66541
97651
97777

22111
33211
43321
54331
55331
76631
97651
97777

22111
42221
44221
55331
75431
76631
97651
97777

42221
43321
43331
55541
75541
76651
97651
97777

42221
43321
43331
66541
76541
76651
97651
97777

33211
33311
43321
43331
55331
77431
97651
97777

22111
44111
54311
74311
75521
77551
97651
97777

22111
44111
54311
74411
75521
77551
97651
97777

22111
44111
74311
74411
75521
77551
97651
97777

33311
54311
55411
75511
75521
77551
97651
97777

33311
55411
55511
75511
75521
77551
97651
97777

22111
44111
54311
74311
75541
77551
97651
97777

22111
44111
54311
74411
75541
77551
97651
97777

22111
44111
74311
74411
75541
77551
97651
97777

22111
44111
54311
74441
75541
77551
97651
97777

22111
44111
74311
74441
75541
77551
97651
97777

33311
54311
55411
75511
75541
77551
97651
97777

33311
55411
55511
75511
75541
77551
97651
97777

22111
42221
54421
76421
76541
77551
97651
97777

22111
42221
74441
76441
76541
77551
97651
97777

22111
43321
54421
76421
77521
77551
97651
97777

22111
44111
54311
74311
84431
86441
97651
97777

22111
33211
63211
74311
85331
86441
97651
97777

22111
42221
54421
75431
85531
86531
97651
97777

33211
33311
54311
55411
77431
87541
97651
97777

22111
44111
54311
74311
85531
87541
97651
97777

22111
44111
54311
74411
85531
87541
97651
97777

33311
54421
65521
75521
85531
87541
97651
97777

42221
44221
54331
84431
85531
87541
97651
97777

22111
42221
54421
76421
86531
87541
97651
97777

54311
55411
65521
75521
77521
87631
97651
97777

22111
72211
83221
85331
85531
87631
97651
97777

22111
72221
83221
85331
85531
87631
97651
97777

55411
55511
75521
85531
86531
87631
97651
97777

22111
33211
44221
76421
87421
87631
97651
97777

22111
42221
44221
66221
76631
87641
97651
97777

33311
54311
74411
76511
76631
87641
97651
97777

33211
33311
54311
55411
77431
87641
97651
97777

33311
54421
65521
75521
85531
87641
97651
97777

22111
72211
84211
86311
86531
87641
97651
97777

42221
43321
54331
66541
87541
87641
97651
97777

42221
43321
54421
66431
87631
87641
97651
97777

44111
55411
55511
75511
87631
87641
97651
97777

22111
33311
63311
77611
87631
87641
97651
97777

22111
75211
85411
87511
87631
87641
97651
97777

22111
33311
63311
74411
84431
95441
97651
97777

42221
43321
43331
54331
94331
95441
97651
97777

22111
42221
84221
94321
94331
95441
97651
97777

22111
44221
84221
94321
94331
95441
97651
97777

44111
44221
54421
75431
85531
95531
97651
97777

42221
43321
43331
54331
94331
95531
97651
97777

22111
42221
44221
55331
85331
96431
97651
97777

33211
33311
43321
73331
85331
96431
97651
97777

42221
43321
43331
54331
96331
96431
97651
97777

22111
42221
83221
94331
96331
96431
97651
97777

22111
33311
54311
74411
84431
97441
97651
97777

33211
33311
63311
83311
85331
97441
97651
97777

33211
33311
63311
74311
94331
97441
97651
97777

33211
33311
63311
74311
96331
97441
97651
97777

22111
92111
94111
96211
96431
97441
97651
97777

44111
44221
54421
55441
55541
65551
97771
97777

44111
44221
55331
55441
55541
66541
97771
97777

22111
33211
33311
54311
66431
66541
97771
97777

22111
33211
33331
54331
66431
66541
97771
97777

22111
63211
63311
74411
75431
76441
97771
97777

22111
33311
43321
54331
55331
76541
97771
97777

22111
33311
43331
54331
55331
76541
97771
97777

22111
33211
43321
54331
55441
76541
97771
97777

22111
33211
43321
55331
55441
76541
97771
97777

22111
42221
43321
55331
75431
76541
97771
97777

22111
63211
63311
74311
75431
76541
97771
97777

22111
42221
43331
55441
75541
76541
97771
97777

22111
63211
63311
74441
75541
76541
97771
97777

22111
63211
63311
75431
75541
76541
97771
97777

22111
63211
63311
76421
76441
76651
97771
97777

33211
33331
55331
66431
76631
76651
97771
97777

22111
63211
66221
76421
76631
76651
97771
97777

22111
42221
43321
55441
75541
77551
97771
97777

22111
44221
54421
74441
75541
77551
97771
97777

22111
42221
73331
75431
75541
77551
97771
97777

44111
54311
74411
75521
75541
77551
97771
97777

22111
42221
54421
76441
76541
77551
97771
97777

22111
44111
44221
54331
75431
77641
97771
97777

22111
44111
54311
74311
75431
77641
97771
97777

44111
54311
75511
76511
76631
77641
97771
97777

22111
44111
54311
74411
75511
77761
97771
97777

22111
44111
74311
74411
75511
77761
97771
97777

22111
44111
54311
74411
75521
77761
97771
97777

22111
44111
74311
74411
75521
77761
97771
97777

33311
55411
55511
75511
75521
77761
97771
97777

22111
44111
54311
74441
75541
77761
97771
97777

22111
44111
74311
74441
75541
77761
97771
97777

44221
54421
75431
76441
76541
77761
97771
97777

44111
54311
75511
76511
77521
77761
97771
97777

44111
54311
75511
76511
77551
77761
97771
97777

44111
54421
75431
76441
77641
77761
97771
97777

22111
42221
73331
76541
77641
77761
97771
97777

44111
54311
75431
76631
77641
77761
97771
97777

22111
33211
33311
54421
75431
86441
97771
97777

22111
33211
33311
55411
75431
86441
97771
97777

22111
33211
33311
66431
76441
86441
97771
97777

22111
33211
63311
66431
76441
86441
97771
97777

22111
63211
63311
66431
76441
86441
97771
97777

42221
72221
83221
84421
84431
86441
97771
97777

22111
72211
83311
84421
84431
86441
97771
97777

22111
33211
63211
74311
85331
86441
97771
97777

22111
33211
33311
54331
75431
86531
97771
97777

22111
33211
33311
55331
75431
86531
97771
97777

22111
33211
63311
75431
85531
86531
97771
97777

22111
33211
33311
84431
85531
86531
97771
97777

22111
33211
83311
84431
85531
86531
97771
97777

22111
33211
66221
66431
76441
87541
97771
97777

22111
63211
66221
66431
76441
87541
97771
97777

33211
33311
54311
55411
77431
87541
97771
97777

22111
33211
84211
84421
84431
87541
97771
97777

44111
54311
54331
55331
85331
87541
97771
97777

22111
72211
83311
85411
85531
87541
97771
97777

33211
43321
73331
74441
86441
87541
97771
97777

44111
54311
55411
76511
86531
87541
97771
97777

33211
63211
63311
74441
76441
87641
97771
97777

33211
54311
74311
76441
76541
87641
97771
97777

22111
42221
44221
66431
76631
87641
97771
97777

22111
33211
66221
66431
76631
87641
97771
97777

22111
63211
66221
66431
76631
87641
97771
97777

33211
63211
63311
74411
76631
87641
97771
97777

33211
54311
74311
76421
76631
87641
97771
97777

22111
42221
43321
66431
77431
87641
97771
97777

33211
33311
54311
55441
77641
87641
97771
97777

22111
42221
43331
66541
77641
87641
97771
97777

33211
33311
74311
75431
77641
87641
97771
97777

72211
72221
73331
76441
77641
87641
97771
97777

22111
42221
63331
76541
77641
87641
97771
97777

75211
75511
75521
76631
77641
87641
97771
97777

72211
75511
76511
76631
77641
87641
97771
97777

22111
42221
54331
76441
86441
87641
97771
97777

22111
33311
54311
66541
87541
87641
97771
97777

22111
43321
54331
76541
87541
87641
97771
97777

33211
33311
54311
85531
87541
87641
97771
97777

44111
65111
75211
85531
87541
87641
97771
97777

44111
65111
66221
86531
87541
87641
97771
97777

54311
55411
76421
86531
87541
87641
97771
97777

42221
43321
54331
66431
87631
87641
97771
97777

44111
54311
55511
76511
87631
87641
97771
97777

55511
65521
75521
76631
87631
87641
97771
97777

22111
33211
66221
77431
87631
87641
97771
97777

22111
33211
63311
77521
87631
87641
97771
97777

33211
33311
54311
85411
87631
87641
97771
97777

63211
83221
84221
85531
87631
87641
97771
97777

44111
75211
85331
85531
87631
87641
97771
97777

22111
33211
84421
86531
87631
87641
97771
97777

22111
33211
84431
86531
87631
87641
97771
97777

44111
74311
85531
86531
87631
87641
97771
97777

22111
33211
33311
87511
87631
87641
97771
97777

22111
33211
83311
87511
87631
87641
97771
97777

22111
75211
85411
87511
87631
87641
97771
97777

22111
33211
86311
87511
87631
87641
97771
97777

33311
55411
75511
75521
75541
87751
97771
97777

33311
54311
74311
76421
76441
87751
97771
97777

33211
54311
74411
76421
76441
87751
97771
97777

22111
42221
54421
66541
76541
87751
97771
97777

22111
42221
54331
66541
76651
87751
97771
97777

72211
72221
73331
76541
77551
87751
97771
97777

75511
75521
75541
76541
77551
87751
97771
97777

22111
42221
43321
66541
77641
87751
97771
97777

22111
33311
43321
77621
77731
87751
97771
97777

44111
44221
54421
65521
85531
87751
97771
97777

33311
55411
65521
75521
85531
87751
97771
97777

33311
43321
43331
84431
86441
87751
97771
97777

33311
43321
73331
84431
86441
87751
97771
97777

44111
54421
65521
66541
87541
87751
97771
97777

44111
55411
55511
75521
87541
87751
97771
97777

54311
65521
75521
75541
87541
87751
97771
97777

44221
54421
55441
76441
87541
87751
97771
97777

55511
65521
75521
76541
87541
87751
97771
97777

22111
33211
43321
77521
87631
87751
97771
97777

22111
33211
66221
77621
87631
87751
97771
97777

55511
65521
75521
76541
87641
87751
97771
97777

22111
33211
63311
77521
87641
87751
97771
97777

22111
33211
63211
77621
87641
87751
97771
97777

44111
44221
55331
86531
87641
87751
97771
97777

33311
75521
76631
87631
87641
87751
97771
97777

22111
75521
85531
87631
87641
87751
97771
97777

22111
44111
44221
54331
84431
95441
97771
97777

22111
33211
63311
74411
84431
95441
97771
97777

22111
63211
63311
74411
84431
95441
97771
97777

42221
44221
84221
84421
84431
95441
97771
97777

22111
44111
84211
94321
94331
95441
97771
97777

22111
33211
63311
84431
94441
95441
97771
97777

22111
44111
84211
94331
94441
95441
97771
97777

33211
33311
55331
66431
66541
96661
97771
97777

22111
33211
63211
75211
75511
96661
97771
97777

22111
33211
63211
75211
75521
96661
97771
97777

22111
33311
63311
75511
75521
96661
97771
97777

22111
33211
63311
74411
76421
96661
97771
97777

22111
33211
63311
74441
76441
96661
97771
97777

22111
43321
43331
66541
76541
96661
97771
97777

33211
43321
55331
66541
76541
96661
97771
97777

22111
43321
63331
66541
76541
96661
97771
97777

33211
43321
55331
76441
76541
96661
97771
97777

22111
33211
63211
74411
76651
96661
97771
97777

22111
33211
63311
76511
76651
96661
97771
97777

22111
33211
63311
74411
85411
96661
97771
97777

22111
63211
63311
74411
85411
96661
97771
97777

22111
33211
63331
66431
86441
96661
97771
97777

22111
33211
63311
74441
86441
96661
97771
97777

22111
63211
63311
74441
86441
96661
97771
97777

22111
33211
63311
76441
86441
96661
97771
97777

22111
63211
63311
76441
86441
96661
97771
97777

22111
44111
84221
94321
94421
96661
97771
97777

22111
94111
94321
94331
94441
96661
97771
97777

33211
44221
54331
55441
95441
96661
97771
97777

22111
33211
43321
75431
95441
96661
97771
97777

22111
33211
43331
75431
95441
96661
97771
97777

22111
33211
63331
84431
95441
96661
97771
97777

22111
63211
73331
84431
95441
96661
97771
97777

22111
63211
63311
94441
95441
96661
97771
97777

22111
42221
43321
66431
77431
97441
97771
97777

22111
33211
54311
74411
84431
97441
97771
97777

22111
63211
74311
84431
94441
97441
97771
97777

22111
63311
74411
84431
94441
97441
97771
97777

44111
54311
74411
75431
95441
97441
97771
97777

22111
44111
84211
94331
95441
97441
97771
97777

22111
74311
74411
94441
95441
97441
97771
97777

22111
92111
94111
96211
96331
97441
97771
97777

33211
44221
55331
55541
65551
97651
97771
97777

33211
44221
55441
55541
65551
97651
97771
97777

33311
43321
43331
54331
66541
97651
97771
97777

43321
54421
55441
55541
75541
97651
97771
97777

33211
44221
54331
66431
76441
97651
97771
97777

33211
44221
54421
66541
76541
97651
97771
97777

22111
33211
66221
76421
76631
97651
97771
97777

33211
44221
54331
76441
76651
97651
97771
97777

33211
43321
54331
75541
77551
97651
97771
97777

22111
42221
43321
66541
77641
97651
97771
97777

33211
43321
54331
75431
77641
97651
97771
97777

22111
33211
63311
77521
77641
97651
97771
97777

33311
33331
43331
73331
85531
97651
97771
97777

33311
54331
55331
85331
85531
97651
97771
97777

33211
33331
63331
84431
86531
97651
97771
97777

33211
43331
63331
84431
86531
97651
97771
97777

63211
63331
73331
84431
86531
97651
97771
97777

44111
65111
75211
75521
87541
97651
97771
97777

44111
65521
75521
75541
87541
97651
97771
97777

42221
43331
54331
76441
87541
97651
97771
97777

42221
43331
54331
76541
87541
97651
97771
97777

54421
55441
66541
76541
87541
97651
97771
97777

22111
33311
63311
77521
87541
97651
97771
97777

33211
83221
84431
85531
87541
97651
97771
97777

63211
83221
84431
85531
87541
97651
97771
97777

84211
84221
85331
86531
87541
97651
97771
97777

65111
85331
85531
86531
87631
97651
97771
97777

42221
43331
54331
76441
87641
97651
97771
97777

22111
33211
63311
77521
87641
97651
97771
97777

22111
63211
63311
77521
87641
97651
97771
97777

42221
65521
75521
77621
87641
97651
97771
97777

42221
63331
73331
77641
87641
97651
97771
97777

42221
65521
75541
77641
87641
97651
97771
97777

42221
63331
76631
77641
87641
97651
97771
97777

44111
44221
85331
86531
87641
97651
97771
97777

22111
63211
74311
84421
94441
97651
97771
97777

44111
44221
54331
75431
95441
97651
97771
97777

22111
44111
84211
94321
95441
97651
97771
97777

33311
33331
63331
73331
95531
97651
97771
97777

33311
43331
63331
73331
95531
97651
97771
97777

72211
72221
84221
96221
96431
97651
97771
97777

22111
33211
63311
87421
97441
97651
97771
97777

63211
75211
86311
87421
97441
97651
97771
97777

22111
72221
73331
96431
97441
97651
97771
97777

