211
311
331
433
443
653
773
877
997

211
311
331
433
443
653
773
887
997

211
311
331
433
443
653
773
977
997

211
311
331
643
653
853
883
887
997

211
311
421
433
443
643
773
877
997

211
311
421
433
443
653
773
887
997

211
311
431
433
443
653
773
877
997

211
311
431
433
443
653
773
887
997

211
311
431
433
443
863
883
887
997

211
331
431
433
443
853
863
877
997

211
311
421
433
643
653
773
887
997

211
311
421
443
643
653
773
877
977

211
311
431
433
643
653
773
877
997

211
311
431
433
643
653
773
887
997

211
311
431
443
643
653
773
877
997

211
311
433
443
643
653
773
877
997

211
311
431
443
643
653
883
887
997

211
311
433
443
643
653
883
887
997

211
331
431
433
643
653
853
877
977

211
331
431
433
643
653
853
877
997

211
331
431
433
643
653
863
877
997

211
331
431
443
643
653
853
877
997

211
331
433
443
643
653
853
877
997

211
331
431
443
643
653
863
877
977

211
331
433
443
643
653
863
877
977

211
311
421
433
643
743
773
877
997

211
311
421
443
643
743
773
887
997

211
331
431
443
643
743
773
877
977

211
331
433
443
643
743
773
877
977

211
331
431
443
643
743
853
977
997

211
331
433
443
643
743
853
977
997

211
311
421
433
733
853
863
887
997

211
311
431
433
743
863
883
887
997

211
311
431
443
743
853
883
887
997

211
311
433
443
743
853
883
887
997

211
311
431
443
743
863
883
887
997

211
311
433
443
743
863
883
887
997

211
331
431
433
733
853
863
877
977

211
331
431
433
733
853
863
887
997

211
331
431
433
743
853
863
877
997

211
331
431
443
743
853
863
877
977

211
331
433
443
743
853
863
877
977

211
311
431
643
743
853
883
887
997

211
311
433
643
743
853
883
887
997

211
311
431
643
743
863
883
887
997

211
311
433
643
743
863
883
887
997

211
331
431
643
743
853
863
877
977

211
331
433
643
743
853
863
877
977

211
331
443
643
743
853
883
887
997

211
311
541
643
653
863
883
887
997

211
331
541
643
653
853
883
887
997

211
311
641
643
743
853
953
977
997

211
331
631
643
743
853
953
977
997

211
421
431
433
443
643
853
977
997

211
421
431
433
733
743
773
887
997

211
431
433
443
743
853
953
977
997

211
431
433
443
853
863
883
887
997

211
431
433
643
743
853
953
977
997

211
431
433
733
743
853
953
977
997

211
421
443
743
853
863
883
887
997

211
431
433
743
853
863
883
887
997

211
421
541
643
853
863
883
887
997

211
431
541
653
853
863
883
887
997

311
331
431
433
643
653
953
977
997

311
331
431
443
643
653
953
977
997

311
331
433
443
643
653
953
977
997

311
331
431
433
743
853
863
977
997

311
331
433
443
743
863
877
977
997

311
331
431
643
743
853
953
977
997

311
331
433
643
743
853
953
977
997

311
331
431
733
743
853
953
977
997

311
331
433
733
743
853
953
977
997

311
331
431
743
853
863
883
887
997

311
331
433
743
853
863
883
887
997

311
331
433
733
853
863
877
977
997

311
331
631
643
743
853
863
877
977

311
331
641
643
743
853
883
887
997

311
331
631
643
853
863
883
887
997

311
331
641
653
853
863
883
887
997

311
331
643
653
853
863
883
887
997

311
331
733
743
853
863
883
887
997

311
421
431
433
443
643
743
877
997

311
421
431
433
443
743
853
977
997

311
421
431
433
643
743
953
977
997

311
431
433
443
643
743
953
977
997

311
421
431
433
733
743
773
887
997

311
431
433
443
743
863
877
977
997

311
421
431
643
653
853
863
877
977

311
421
433
643
653
853
863
877
977

311
421
443
643
653
853
863
887
997

311
421
443
643
653
863
883
887
997

311
431
433
643
653
863
883
887
997

311
431
443
643
653
853
883
887
997

331
431
433
643
653
863
883
887
997

331
431
443
643
653
853
863
877
997

311
431
433
733
743
853
863
977
997

311
421
521
643
653
853
863
977
997

331
431
541
643
653
853
863
977
997

311
431
631
643
743
853
863
877
977

311
431
641
643
743
853
883
887
997

331
431
641
643
743
853
863
877
977

311
431
631
643
743
853
953
977
997

421
431
433
733
743
853
863
877
977

421
431
433
733
743
853
877
887
997

431
541
641
643
653
853
863
977
997

421
521
631
643
853
863
883
887
997

431
541
641
653
853
863
883
887
997

431
541
643
653
853
863
883
887
997

421
521
631
733
743
773
883
887
997

421
521
733
743
853
863
883
887
997

421
631
641
643
653
863
883
887
997

431
631
641
643
653
853
863
877
997