22111
33211
33311
33331
54331
66431
76441
77551
77773

22111
33211
33311
33331
54331
75431
76441
77551
77773

22111
33211
33311
33331
74441
76441
76651
77761
77773

22111
33211
33311
43321
54331
55441
76441
77551
77773

22111
33211
33311
43321
54331
55441
76541
77761
77773

22111
33211
33311
43321
54421
55441
76651
77761
77773

22111
33311
33331
43331
54331
55331
77731
98731
99733

22111
33311
33331
43331
54331
66431
96431
98731
99733

22111
33311
33331
43331
55331
66431
96431
99431
99733

22111
33311
33331
43331
54331
75431
77431
98731
99733

22111
33311
33331
43331
63331
75431
77431
99431
99733

22111
33311
33331
43331
66431
76631
77731
98731
99733

22111
33211
33331
43331
63331
84431
95531
98731
99733

22111
33211
33331
43331
73331
84431
85531
98731
99733

22111
33211
33331
54331
55331
66431
86531
98731
99733

22111
33211
33311
54421
65521
66541
76651
77761
77773

22111
33311
33331
54331
85331
86531
87631
98731
99733

22111
33311
33331
63331
66431
76631
87631
98731
99733

22111
33311
33331
63331
73331
75431
77431
99431
99733

22111
33211
33311
74311
75511
77611
77621
77731
99733

22111
33211
33311
74411
75511
77611
77621
77731
99733

22111
33211
33311
74311
85411
98411
98621
98731
99733

22111
33211
33331
84431
85531
86531
87631
98731
99733

22111
33211
43331
54331
55331
76631
87631
98731
99733

22111
33311
43321
63331
74441
75541
76541
77761
77773

22111
33331
43331
63331
74441
76441
76541
77551
77773

22111
33311
43321
66431
76441
76541
77641
77761
77773

22111
33211
43331
63331
73331
94331
95531
98731
99733

22111
33311
54311
54331
76441
76541
77551
77761
77773

22111
33311
54331
55331
75431
76631
87631
98731
99733

22111
33311
54311
74311
95311
97511
98621
98731
99733

22111
33311
63311
74311
75511
76511
87721
98731
99733

22111
33211
63211
75211
77611
77711
88721
98731
99733

22111
33211
63211
75511
77611
77711
88721
98731
99733

22111
33211
63211
76511
77611
77711
88721
98731
99733

22111
33211
63311
74311
85411
88411
98621
98731
99733

22111
33211
73331
84431
85531
86531
87631
98731
99733

22111
43321
43331
55331
55441
55541
76541
77761
77773

22111
42221
43321
54421
65521
77521
77621
77761
77773

22111
42221
43331
55331
66431
77431
77641
77761
77773

22111
43321
43331
55331
66431
76631
77641
77761
77773

22111
42221
43331
54331
75431
77431
77641
77761
77773

22111
42221
43321
54421
75521
77521
77621
77761
77773

22111
43321
43331
54331
75431
76441
76541
77551
77773

22111
43321
63331
66431
76441
76541
77641
77761
77773

22111
44111
65111
86311
88411
98411
98621
98731
99733

22111
54311
54331
55331
85331
85531
87631
98731
99733

22111
63211
63311
63331
74441
76441
76651
77761
77773

22111
63211
63311
74311
85411
88411
98621
98731
99733

22111
63211
74311
74411
75511
97511
98621
98731
99733

22111
72211
75211
75511
76511
77611
98621
98731
99733

22111
72211
72221
83221
84221
96221
96431
99431
99733

33211
33311
33331
43331
84431
86531
87631
98731
99733

33211
33311
33331
63331
75431
76631
87631
98731
99733

33211
33311
43331
63331
84431
86531
87631
98731
99733

33211
33311
43331
73331
84431
86531
87631
98731
99733

33211
33311
54311
55411
55441
55541
75541
77551
77773

33211
33311
54311
74311
76511
77611
77621
87631
99733

33211
33311
63331
73331
84431
86531
87631
98731
99733

33211
33311
63311
74311
85411
87511
98621
98731
99733

33211
33311
63311
83311
85411
88411
88721
98731
99733

33331
43331
55331
66431
76441
76541
77551
77761
77773

33331
43331
73331
75431
76441
76541
77551
77761
77773

33311
54311
54421
55441
55541
66541
76541
77551
77773

33211
63211
63311
74311
75511
97511
98621
98731
99733

42221
43321
43331
54331
84431
86531
87631
98731
99733

42221
43321
43331
63331
66431
76541
76651
77761
77773

43321
43331
54331
55331
66431
76441
76541
76651
77773

44111
44221
55331
75431
75541
76541
77641
77761
77773

44111
54311
55511
65521
75521
76541
76651
77761
77773

44111
54311
55511
65521
75521
76541
77551
77761
77773