977555443
776554333
774433333
774433321
731111111

977766553
776666543
776554333
775443311
731111111

977775443
777644333
776443333
744443321
731111111

977777533
777775433
777644333
776433331
731111111

988776643
777766333
766654333
744443321
731111111

988776643
777766333
766654333
744443333
731111111

988776643
777766333
776554333
744443321
733331111

988776643
777766333
776554333
744443333
733331111

988866643
777766333
776554333
744443321
731111111

988866643
777766333
776554333
744443333
731111111

999988763
777444433
754444333
754432111
731111111

999988763
777444433
754444433
754432111
731111111

999998863
777644333
754444333
754322111
731111111

977555543
877555433
877543333
876443333
731111111

977765543
877665433
875555333
875444321
731111111

977765543
877665433
877543333
876433321
731111111

977766553
877766543
877654433
876443111
731111111

988665553
887655553
865555543
865544111
733331111

988665553
888655543
886655533
874444111
733331111

988665553
888655543
886655333
876444311
733331111

988665553
888655543
888555433
875544433
733331111

988665553
888655553
888655543
874444111
733331111

988665553
888655553
888555433
875544433
733331111

988665553
888665543
886655533
876554111
733331111

988665553
888665543
888665333
875544331
733331111

988665553
888655543
886655333
884444311
733331111

988665553
888655543
886655533
884444111
733331111

988665553
888655543
886655333
886544311
733331111

988665553
888655543
888555433
886421111
731111111

988665553
888655543
888555433
887544433
733331111

988665553
888655553
888655543
884444111
733331111

988665553
888655553
888555433
887544433
733331111

988665553
888665543
886655333
886554311
733331111

988665553
888665543
888665333
887544331
733331111

988666643
888665333
886655333
876555331
733331111

988755553
887555443
887554433
855444211
731111111

988755553
888655543
887554433
874444111
731111111

988755553
887555443
887554333
885444311
731111111

988755553
888655543
887554333
884444311
731111111

988755553
888655543
887554433
884444111
731111111

988776653
887766553
887655553
855444211
731111111

988776653
887766643
887555443
854444321
733331111

988776653
887766643
887555443
884444321
733331111

988776653
888766643
888555433
884444311
733331111

988776653
888766643
888555433
885444311
733331111

988776653
888766643
888555433
886544311
731111111

988777633
888665333
886655333
875544331
731111111

988777633
888754333
887554333
887544331
731111111

988865543
887765533
887554333
875444321
731111111

988866553
888665543
888555433
854332111
733331111

988866553
888665543
888555533
854332111
733331111

988866553
887766553
887665543
874444111
733331111

988866553
887766553
887665543
874444411
733331111

988866553
888665543
888555433
875332111
733331111

988866553
888665543
888555533
875332111
733331111

988866553
888855553
888655543
876652111
731111111

988866553
887766553
887665543
884444111
733331111

988866553
888855553
888655543
887642111
733331111

988877543
887765533
866555533
844444421
731111111

988877543
887765533
866555533
864444433
731111111

988877543
888777433
866665433
865322221
731111111

988877543
888777433
866665433
866442221
731111111

988877543
888864433
866644433
866544221
731111111

988877543
887765533
887655533
844444421
733331111

988877543
887775533
887655533
844444421
733331111

988877543
887765533
887655533
855444431
731111111

988877543
888855533
888754333
876443333
731111111

988877543
887765533
887554333
885443333
731111111

988877543
887765533
887655533
885444431
731111111

988877543
888777433
888555433
885542221
733331111

988877543
888777433
888754333
885443333
733331111

988877543
888777433
888754333
886553333
731111111

988877653
888776653
866665433
865444331
731111111

988877653
888776653
866665433
866444333
731111111

988877653
888855553
866655553
866542211
731111111

988877653
887766643
887655533
874444411
733331111

988877653
888766643
886655533
874444411
733331111

988877653
888766643
886554433
876444311
731111111

988877653
888766643
886655533
876444433
733331111

988877653
888766643
888555433
875544331
733331111

988877653
888766643
888555533
875544433
733331111

988877653
888775553
887655553
877422211
731111111

988877653
888775553
887665543
877422211
731111111

988877653
888775553
888555553
875544211
733331111

988877653
888775553
888655543
876322211
731111111

988877653
888775553
888655553
876322211
731111111

988877653
888775553
888665543
876322211
731111111

988877653
888776653
886665443
876444311
731111111

988877653
888776653
886655533
876444433
733331111

988877653
888776653
887665543
874444411
731111111

988877653
888776653
887666443
877443311
731111111

988877653
888776653
888655543
874444411
733331111

988877653
888776653
888655553
874444411
733331111

988877653
888776653
888775553
874444411
733331111

988877653
888776653
888555433
875544331
733331111

988877653
888776653
888555533
875544433
733331111

988877653
888776653
888555553
875544443
733331111

988877653
888776653
888655543
875444441
733331111

988877653
888776653
888655553
875444441
733331111

988877653
888776653
888775553
875444441
733331111

988877653
888777653
886554433
876543331
733331111

988877653
888777653
887664443
877443311
731111111

988877653
887766643
886554433
884444311
731111111

988877653
887766643
887554433
885444311
731111111

988877653
888766643
886554433
885444311
731111111

988877653
888766643
886554433
886544311
733331111

988877653
888766643
887554433
884444311
731111111

988877653
888766643
887765533
887554433
731111111

988877653
888766643
888555433
887544331
733331111

988877653
888766643
888555533
887544433
733331111

988877653
888775553
887655553
884322211
731111111

988877653
888775553
887665543
884322211
731111111

988877653
888775553
887665543
884442211
731111111

988877653
888775553
888655543
884442211
733331111

988877653
888775553
888655553
884442211
733331111

988877653
888775553
888555553
885544211
733331111

988877653
888775553
888655543
885442211
733331111

988877653
888775553
888655553
885442211
733331111

988877653
888776653
886665443
885444311
731111111

988877653
888776653
887664443
884444311
731111111

988877653
888776653
887765533
887544433
731111111

988877653
888776653
888555553
885544441
733331111

988877653
888776653
888555433
887544331
733331111

988877653
888776653
888555533
887544433
733331111

988877653
888777653
888777433
885443333
733331111

988877653
888855553
888655543
886542211
731111111

988877653
888855553
888655553
886542211
731111111

988877653
888855553
888655543
887632211
733331111

988877653
888855553
888655543
887652211
733331111

988877653
888855553
888655553
887632211
733331111

988877653
888855553
888655553
887652211
733331111

988886443
888886333
888865333
875444321
733331111

988886653
888886553
888665543
886654211
731111111

988887533
887775533
887655533
855444431
731111111

988887533
888777433
888754333
876543331
731111111

988887533
887655533
887554333
885333331
731111111

988887533
887765533
887554333
885433331
731111111

988887533
887775533
887655533
885444431
731111111

988887763
877654433
866444333
844411111
731111111

988887763
888777433
866665433
865432111
731111111

988887763
887765533
886655533
854332111
731111111

988887763
887765533
887655533
855332111
731111111

988887763
887775533
887655533
855444211
731111111

988887763
887765533
887655533
875332111
731111111

988887763
888776633
887655533
874444111
731111111

988887763
888777433
886655333
876442111
731111111

988887763
888855533
887655533
877532111
731111111

988887763
888877333
888754333
876443333
731111111

988887763
888776633
887655533
884444111
731111111

988887763
888777433
888754333
886543111
731111111

988887763
888777653
887766553
887544421
731111111

988887763
888777733
888776633
886522111
731111111

988887763
888855533
887655533
887632111
731111111

988887763
888886333
888865333
885444311
733331111

988887763
888886333
888865333
887544331
733331111

988887763
888886333
888884333
887544331
733331111

988888853
887766553
887655553
874433311
733331111

988888853
888775553
886655333
876443333
731111111

988888853
888777653
887765533
877544333
731111111

988888853
888886553
887664443
877654111
731111111

988888853
888886553
888665333
876653333
731111111

988888853
888775553
886655333
885443333
731111111

988888853
888775553
886665443
885433111
731111111

988888853
888777653
887765533
887544331
731111111

988888853
888886553
888865333
885443333
733331111

988888853
888886553
888884333
887544331
733331111

988888853
888886643
888865333
887443111
733331111

996665543
886655533
886655333
875444321
733331111

997655543
877555433
877543333
877443331
773311111

997755443
887554333
885433333
875333321
731111111

997775533
877665433
877543333
877443331
773311111

997776433
877763333
877543333
877443331
773311111

997777643
877763333
877543333
877443331
773311111

997777643
887775533
887655533
876422221
731111111

998755543
888555433
877543333
877443331
731111111

998755543
887655533
887554333
875444321
731111111

998755543
888555433
886553333
876443333
731111111

998766553
887655553
865555543
865442111
733331111

998766553
888665543
866555533
865442111
731111111

998766553
888665543
876655433
875542111
731111111

998766553
888665543
876655433
876542111
731111111

998766553
887665543
887655533
875542111
731111111

998766553
887666443
886554433
874443211
731111111

998766553
887666443
887554333
874433311
733331111

998766553
888665543
886655533
875542111
731111111

998766553
888665543
886655533
876542111
731111111

998766553
888665543
888555433
876442111
731111111

998766553
888665543
888555533
876442111
731111111

998777543
877665433
875555333
875444321
773311111

998777543
887765533
866555533
864444433
733331111

998777543
887765533
875555333
875444321
733331111

998777543
887765533
877555433
875544433
731111111

998777543
887775533
877744333
875333321
731111111

998777543
888777433
888754333
876653333
731111111

998777543
888777433
888754333
877443331
733331111

998777653
887766643
866555533
864444433
733331111

998777653
888655553
866655553
866542211
731111111

998777653
888766643
866555533
864444433
733331111

998777653
887666653
877654433
875544331
731111111

998777653
888666643
877654433
877544333
731111111

998777653
888766643
877764443
877654321
731111111

998777653
887665543
887655533
875544211
731111111

998777653
887766643
885554443
875444321
733331111

998777653
887766643
887554433
875544331
731111111

998777653
888665543
886655533
875544211
731111111

998777653
888766643
886554433
875544331
731111111

998777653
888766643
886554433
876444311
733331111

998777653
888766643
887554433
877544333
731111111

998777653
888766643
887765533
877654433
731111111

998777653
888766643
888555533
874444411
733331111

998777653
888766643
888555533
877444433
733331111

998777653
888775553
887655553
874222211
731111111

998777653
888775553
887655553
877422211
731111111

998777653
888775553
887665543
877422211
731111111

998865443
888865333
866663333
866443321
733331111

998865443
888665333
876443333
876433321
731111111

998865443
888865333
876653333
876433321
733331111

998865443
888865333
888665333
875444321
733331111

998865443
888865333
888665333
877654321
733331111

998865443
888865333
888863333
877543321
733331111

998866663
888866633
866665433
866444333
733331111

998875433
888665333
866444333
865444331
731111111

998875433
888865333
876653333
876543331
731111111

998875433
888865333
888853333
877443331
733331111

998876653
888776653
866665433
865444331
731111111

998876653
888776653
866665433
866444333
731111111

998876653
888766643
876655433
876444311
731111111

998876653
888766643
876655433
876444311
733331111

998876653
888776653
876665443
876444311
731111111

998876653
887766643
887555443
875444321
731111111

998876653
888766643
888555433
875544331
733331111

998876653
888766643
888555433
876444311
731111111

998876653
888766643
888555433
877544333
733331111

998876653
888776653
886665443
876444311
731111111

998876653
888776653
888555433
875544331
733331111

998876653
888776653
888555433
877544333
733331111

998877553
877766543
877654433
874444111
773311111

998877553
877766543
877654433
874444411
773311111

998877553
887665543
866555533
864311111
731111111

998877553
888775553
866555533
866544431
733331111

998877553
887655553
875555543
874321111
731111111

998877553
887655553
875555543
875332111
733331111

998877553
888655543
877555433
874321111
731111111

998877553
888665543
876444433
876443111
731111111

998877553
888775553
876655433
876444433
733331111

998877553
888775553
877665433
877444433
731111111

998877553
888854443
877654433
877644211
731111111

998877553
887766553
887655553
874444411
733331111

998877553
888655543
886554433
874333111
733331111

998877553
888655543
888555433
875332111
733331111

998877553
888655543
888555533
875332111
733331111

998877553
888775553
886655533
876444433
733331111

998877553
888775553
887665543
874321111
731111111

998877553
888775553
887665543
874444111
731111111

998877553
888775553
887665543
874444411
731111111

998877553
888775553
888655543
874444111
733331111

998877553
888775553
888655543
874444411
733331111

998877553
888775553
888655553
874444411
733331111

998877553
888775553
888555433
875544433
733331111

998877553
888775553
888555533
875544433
733331111

998877553
888775553
888655543
875444441
733331111

998877553
888775553
888665543
876442111
731111111

998877553
888854443
888754333
876444311
731111111

998877553
888855553
888655543
876521111
731111111

998877553
888855553
888655543
876542111
731111111

998877553
888855553
888655543
877651111
733331111

998877553
888855553
888655543
877654111
733331111

998887433
888865333
877744333
877443331
731111111

998887433
888877333
876664333
876543331
731111111

998887553
877766543
876444433
874444111
773311111

998887553
877766543
876444433
874444411
773311111

998887553
877766543
877444433
874444111
773311111

998887553
877766543
877444433
874444411
773311111

998887553
888775553
876655433
876444433
731111111

998887553
888886553
877665433
877654433
731111111

998887553
888655543
887554433
874333111
731111111

998887553
888655543
887554333
877333333
731111111

998887553
888775553
886655533
876444433
731111111

998887553
888775553
887655553
874444411
731111111

998887553
888775553
887655533
877444433
731111111

998887553
888775553
888655543
876442111
731111111

998887553
888886553
887665543
877651111
731111111

998887553
888886553
887665543
877654111
731111111

998887553
888886553
887666443
877655411
731111111

998887553
888886553
888864433
877444433
733331111

998887753
877764443
876444433
874444111
773311111

998887753
877764443
877444433
874444111
773311111

998887753
888775553
866655553
865442111
731111111

998887753
888777653
866655553
865442111
731111111

998887753
888854443
866444333
866111111
731111111

998887753
888644443
877544333
874321111
731111111

998887753
888744443
876444433
874444111
733331111

998887753
888744443
877744333
877531111
731111111

998887753
888776653
876655433
876444433
731111111

998887753
888777653
877764443
877533211
731111111

998887753
888777653
877766543
877531111
731111111

998887753
888777653
877766543
877532111
731111111

998887753
888777653
877766633
877544333
731111111

998887753
888886553
877665433
877654331
731111111

998887753
888886643
877665433
877654433
731111111

998887753
888775553
887655553
874444111
731111111

998887753
888775553
888655543
876442111
731111111

998887753
888775553
888655553
876442111
731111111

998887753
888776653
887655553
874444111
731111111

998887753
888777653
887766553
877531111
731111111

998887753
888777653
887766553
877532111
731111111

998887753
888777653
888644443
874443211
733331111

998887753
888777653
888744443
874443211
733331111

998887753
888777653
888655543
876442111
731111111

998887753
888777653
888655553
876442111
731111111

998887753
888855553
887655553
877532111
731111111

998887753
888886553
887665543
877651111
731111111

998887753
888886553
887665543
877654111
731111111

998887753
888886553
888665543
877644211
733331111

998887753
888886553
888864433
877544333
733331111

998887753
888886643
887666443
877655221
731111111

998888743
888776633
866644433
864444433
733331111

998888743
888776633
866665433
866433221
731111111

998888743
888776633
877654433
877444433
731111111

998888743
888865333
876653333
876433321
733331111

998888743
888865333
886655333
876433321
733331111

998888743
888877333
888665333
875444321
733331111

998888743
888877333
888865333
875444321
733331111

998888743
888877333
888865333
877544333
733331111

998888743
888886333
888665333
876653333
731111111

998888743
888886333
888865333
877443331
733331111

998888743
888886333
888865333
877543321
733331111

998888743
888886333
888865333
877543333
733331111

998888743
888886333
888884333
877544333
733331111

998888773
888744443
866644433
865432111
731111111

998888773
888776633
866644433
864444433
733331111

998888773
888777653
866655553
865441111
731111111

998888773
888744443
876444433
876442111
733331111

998888773
888744443
876444433
876443111
733331111

998888773
888766643
876655433
876433211
733331111

998888773
888776633
877654433
877444433
731111111

998888773
888854443
877654433
877532111
731111111

998888773
888886643
877665433
877653211
731111111

998888773
888766643
888555433
877533211
733331111

998888773
888775553
887655553
874443211
731111111

998888773
888776653
888655553
876443111
731111111

998888773
888776653
888644443
877444433
733331111

998888773
888776653
888744443
877444433
733331111

998888773
888777653
887766643
877543333
731111111

998888773
888777653
888766643
876543331
731111111

998888773
888777653
888775553
876521111
731111111

998888773
888777653
888766643
877443331
733331111

999775433
886655333
876653333
876543331
731111111

999777643
886655533
866555533
866442221
731111111

999777763
877555433
875555333
875542111
773311111

999777763
887655533
866555533
865442111
731111111

999777763
887765533
866555533
865544111
731111111

999777763
887765533
877555433
877544333
731111111

999777763
887655533
886655533
875542111
731111111

999777763
887775533
887765533
877644211
731111111

999777763
888777733
887776633
877742111
733331111

999777763
888777733
887776633
877744211
733331111

999865553
888855553
876655433
876444433
733331111

999877633
887776633
866665433
865444331
731111111

999877733
887775533
866665433
865444331
731111111

999877777
887766553
875555543
875544433
733331111

999885443
888865333
876653333
876433321
733331111

999887633
877766633
875544433
875544331
773311111

999887633
877775333
875555333
875544331
773311111

999887633
887776633
875544433
875544331
733331111

999887653
887766643
866644433
865444331
731111111

999887653
888776653
887544433
877544333
733331111

999887653
888776653
887765533
877444433
733331111

999887653
888777653
887544433
877543333
733331111

999887653
888886553
887665543
877644211
733331111

999975553
887665543
875555333
875544331
733331111

999975553
887665543
877665433
877651111
731111111

999975553
887665543
877665433
877654111
731111111

999975553
887665543
877665433
877654433
731111111

999975553
888665543
876655433
876444433
733331111

999975553
888655543
886554433
876554111
733331111

999975553
888655543
887555443
877554421
733331111

999975553
888665543
886655333
876444311
733331111

999975553
888665543
887554333
877544333
733331111

999976643
887776633
877665433
877544333
731111111

999976643
888855533
887655533
877655221
733331111

999977653
887666653
875555543
875544443
733331111

999977653
887666653
877665433
877654331
731111111

999977653
887766643
877654433
877544333
731111111

999977653
888666643
876655433
876444311
733331111

999977653
887665543
887655533
877644211
731111111

999977653
887766643
887665543
877554421
731111111

999977653
888666643
886655533
876444433
733331111

999977653
888666643
887554433
877544333
733331111

999977653
888666643
887655533
877444433
733331111

999977653
888766643
887554433
877544333
733331111

999977653
888776653
887554433
877544333
733331111

999977653
888777653
886554433
876543331
733331111

999977653
888777653
887554433
877543333
733331111

999977773
887665543
865555543
865544111
733331111

999977773
887665543
875555543
875542111
733331111

999977773
887665543
875555543
875544211
733331111

999977773
887666443
877665433
877651111
731111111

999977773
887666443
877665433
877654111
731111111

999977773
887775533
877665433
877544333
731111111

999977773
888665543
876655433
876444311
733331111

999977773
887665543
887655533
877644211
731111111

999977773
888665543
886655533
876442111
733331111

999987743
887775533
877665433
877544333
731111111

999987743
888776633
887554433
877554221
733331111

999987743
888865333
887554333
877333333
733331111

999987763
876664433
876444433
874444111
773311111

999987763
877665433
875544433
875543111
773311111

999987763
886554433
866444333
866411111
731111111

999987763
887554433
866444333
865411111
731111111

999987763
887775533
877665433
877544333
731111111

999987763
888555433
877555433
873332111
731111111

999987763
887765533
887655533
877532111
731111111

999987763
888555433
886554433
874333111
731111111

999987763
888777433
887554333
877553111
733331111

999987763
888777433
887554433
877553111
733331111

999987763
888865333
887554333
877333333
733331111

999988543
887554433
887554333
877333333
731111111

999988543
888777433
886554433
876552221
733331111

999988543
888864433
887554333
877333333
733331111

999988763
887544433
866444333
865432111
731111111

999988763
887775533
877665433
877543333
731111111

999988763
887776633
877665433
877533211
731111111

999988763
888844433
876444433
876442111
733331111

999988763
888844433
876444433
876443111
733331111

999988763
887554433
886554433
875332111
731111111

999988763
887765533
887655533
877533211
731111111

999988763
888555433
886553333
874333111
731111111

999988763
888776633
886554433
876554431
733331111

999988763
888777433
887544433
877532111
733331111

999988883
876664433
876444433
874443211
773311111

999988883
888866633
875555333
874333111
733331111

999988883
888777433
886554433
876552211
733331111

999988883
888777433
887554433
877552211
733331111

999988883
888864433
886554433
876433211
733331111

999997543
887544433
866444333
865444331
731111111

999997543
887765533
866444333
865433333
731111111

999997643
888866633
887655533
877654433
733331111

999998653
887666653
875544433
875544331
733331111

999998653
888666643
887544433
877544333
733331111

999998653
888766643
887544433
877544333
733331111

999998663
888866633
876444433
876444311
733331111

999998777
887666653
875544443
875544433
733331111

999998863
888844433
876444433
876433211
733331111

999998863
888865333
876443333
876443111
733331111

999999733
887655533
875544433
875544331
733331111

999999883
876666533
876443333
874433311
773311111

999999883
877654433
875544433
875544211
773311111

999999883
886655533
876444433
874444111
733331111

999999883
888864433
876444433
876444311
733331111

999999883
888866633
876443333
876443111
733331111

977765533
977665433
877543333
776433331
731111111

977765543
977665433
876443333
774433321
731111111

977765543
977665433
876443333
774433333
731111111

977765543
977665433
877543333
776433331
731111111

977766553
977665553
875555543
775442111
731111111

977775443
977765333
877763333
776333321
731111111

977777533
977665433
877544333
776443331
731111111

986555443
986554333
885433333
754433321
731111111

986555443
986554333
885433333
774433321
731111111

987665443
985444333
885433333
773333321
733331111

987755543
977655433
855533333
754433321
733331111

987755543
977655433
876443333
744443321
731111111

987755543
977655433
876443333
744443333
731111111

987766643
987766333
887554333
754433321
733331111

987766643
987766333
887554333
774433321
733331111

987766643
987766333
887554333
774433333
733331111

987766643
987766333
887554333
777433331
733331111

987777433
987755333
887554333
777433331
733331111

987777443
977663333
855533333
754433321
733331111

987777443
987755333
887554333
754433321
733331111

987777443
987755333
887554333
774433321
733331111

987777733
987755333
887554333
777433331
733331111

988666543
988665533
886655333
776555321
733331111

988666543
988665533
886655333
776555333
733331111

988755553
987755543
887554333
755544331
731111111

988755553
988555543
887554333
754444333
731111111

988755553
987755543
887554333
775544311
731111111

988755553
987755543
887554333
775544333
731111111

988755553
988555543
887554333
774444311
731111111

988776433
987433333
865433333
764433331
731111111

988776433
987533333
885433333
754333331
731111111

988776433
988766333
888754333
776643331
731111111

988776643
987766333
887554333
744443321
733331111

988776643
987766333
887554333
744443333
733331111

988776643
987766333
886655333
754444333
731111111

988776643
988766333
886655333
755444321
731111111

988776643
988766333
888754333
776643331
731111111

988776653
988666643
866655443
765544321
731111111

988776653
988666543
886655533
755544211
731111111

988776653
988666543
887655533
777544211
731111111

988776653
988766543
887655533
777444211
731111111

988777633
987766333
887554333
755544331
731111111

988865543
988865533
888665333
754444333
733331111

988866553
988766543
866665433
764444111
733331111

988866553
988766543
866665433
764444431
733331111

988866553
988766543
887554333
744443333
731111111

988866553
988766543
887554433
744443111
731111111

988866553
988766543
886665443
754444421
733331111

988866553
988766543
888665333
754444333
733331111

988866553
988766543
888665543
754444421
733331111

988866553
988666543
886554433
776333111
733331111

988866553
988755553
888655543
775442111
733331111

988866553
988766543
888665333
774444311
733331111

988866553
988766543
888754333
774433333
733331111

988866553
988865543
888855533
775432111
733331111

988866643
988766333
887554333
744443321
731111111

988866643
988766333
887554333
744443333
731111111

988866643
987766333
887554333
755443321
731111111

988866643
988766333
888665333
754444333
733331111

988866643
988766333
888754333
754433321
733331111

988866643
988766333
888754333
774433321
733331111

988866643
988766333
888754333
774433333
733331111

988876543
988776433
866644433
766433221
731111111

988876543
988776433
886655333
754444333
733331111

988876543
988776433
887544433
754433221
731111111

988876543
988865533
888665333
776555321
731111111

988876543
988865533
888665333
776555333
731111111

988876543
988865533
888665333
776655331
731111111

988877543
977665433
866444333
744443321
731111111

988877543
977665433
866444333
744443333
731111111

988877543
977665433
876444433
744443221
731111111

988877543
987775433
866644433
764333221
731111111

988877543
988774433
888754333
754444333
733331111

988877543
988776433
886655333
754444333
733331111

988877543
988776433
888754333
754444333
733331111

988877543
987775433
887544433
775433221
731111111

988877543
988774433
888754333
776554333
731111111

988877543
988776433
887544433
774432221
731111111

988877543
988776433
887554433
774422221
731111111

988877543
988776433
888754333
776554333
731111111

988877543
988865533
888665333
776554333
731111111

988877543
988865533
888754333
776443331
731111111

988877543
988865533
888754333
776443333
731111111

988877653
988776643
866665433
765444331
731111111

988877653
988776653
866655443
764444311
733331111

988877653
988776653
866665433
765444331
731111111

988877653
988866643
866665433
766554331
731111111

988877653
988776643
887666443
744443321
731111111

988877653
987766643
886554433
754444333
731111111

988877653
987766643
887655533
754444433
733331111

988877653
988776643
886655533
754444433
733331111

988877653
988776643
886665443
755444321
731111111

988877653
988776643
887665543
754444421
731111111

988877653
988776643
888655543
754444421
733331111

988877653
988776653
886655533
754444433
733331111

988877653
988866643
888655543
754444421
733331111

988877653
988877543
887765533
754222211
731111111

988877653
987766643
886554433
774444311
731111111

988877653
988755553
887655553
774442211
731111111

988877653
988755553
888555553
775554211
733331111

988877653
988776643
888555433
775544311
733331111

988877653
988776643
888555433
775544333
733331111

988877653
988776653
887664443
774444311
731111111

988877653
988776653
888555433
775544333
733331111

988877653
988865543
887655533
777544211
731111111

988877653
988865543
887665543
777554221
731111111

988877653
988865543
887665543
777632221
731111111

988877653
988865543
888655543
775442221
733331111

988877653
988865543
888665543
776532221
731111111

988877653
988866553
888665543
776554211
731111111

988877653
988866643
887664443
777554321
731111111

988877653
988876543
886655533
776554211
731111111

988877653
988876543
887765533
777444211
731111111

988877653
988877543
888655543
775442221
733331111

988877653
988877543
888665543
776622221
731111111

988886443
988766333
887554333
754433321
731111111

988886443
988766333
888754333
754433321
733331111

988886443
988766333
887554333
774433321
731111111

988886443
988766333
888754333
774433321
733331111

988886653
988876543
887655533
777544211
731111111

988886653
988876543
887765533
777444211
731111111

988887533
987775433
866444333
764433331
733331111

988887533
987777433
866444333
764433331
733331111

988887533
988865533
888754333
776433331
731111111

988887763
987774433
866444333
764431111
733331111

988887763
988774433
866444333
764431111
733331111

988887763
988774433
866644433
764444111
733331111

988887763
988776433
866644433
764444111
733331111

988887763
988776433
866644433
764444431
733331111

988887763
988776433
866644433
765322111
731111111

988887763
988776433
866644433
766322111
731111111

988887763
988777633
866665433
765432211
731111111

988887763
988864433
866644433
766544111
731111111

988887763
988776433
887544433
744422111
731111111

988887763
987755333
887554333
755433311
731111111

988887763
988776433
887544433
774422111
731111111

988887763
988776433
888665333
776431111
731111111

988887763
988777633
886655533
775442111
731111111

988887763
988777633
887655533
777442111
731111111

988887763
988855333
888754333
776433311
731111111

988887763
988855333
888754333
776433331
731111111

988887763
988864433
888754333
776431111
731111111

988887763
988865533
887655533
777632111
731111111

988887763
988865533
888855533
775432111
733331111

988887763
988877333
888877333
775443311
733331111

988887763
988877333
888754333
776443331
731111111

988887763
988877333
888754333
776443333
731111111

988887763
988886653
887666653
777655321
731111111

988887763
988887533
888864433
775443311
733331111

988888843
988776433
866644433
764444333
733331111

988888843
988776433
866665433
766433221
731111111

988888843
988777633
887765533
777544333
731111111

988888843
988865533
886655333
776533333
731111111

988888843
988865533
886655333
776433331
733331111

988888853
977774443
876444433
744433211
733331111

988888853
988876543
866665433
766543111
731111111

988888853
988877543
866665433
766531111
731111111

988888853
988877543
866665433
766544111
731111111

988888853
988877653
866665433
766544431
731111111

988888853
987654443
886554433
744333211
731111111

988888853
987764443
886554433
744433211
731111111

988888853
987777443
887664443
755432221
731111111

988888853
988766543
888655543
754433321
733331111

988888853
988877543
888665333
754444333
733331111

988888853
988766543
886655333
774433333
733331111

988888853
988766543
886655533
774433333
733331111

988888853
988766543
886655333
776433311
733331111

988888853
988766543
886655333
776433331
733331111

988888853
988766543
886655533
776433311
733331111

988888853
988766543
886655533
776433331
733331111

988888853
988766543
888655543
774433321
733331111

988888853
988865543
886655333
776533333
731111111

988888853
988865543
886655333
776433311
733331111

988888853
988865543
886655333
776433331
733331111

988888853
988866553
886655333
776433331
733331111

988888853
988866553
886655533
776433331
733331111

988888853
988876543
887765533
777433331
731111111

988888853
988876543
888665333
775443311
733331111

988888853
988876543
888865333
775443311
733331111

988888853
988876543
888665333
776533333
731111111

988888853
988876543
888665333
776643331
731111111

988888853
988877543
888665333
774444311
733331111

988888853
988877543
888844433
775432111
733331111

988888853
988877543
888844433
775442111
733331111

988888853
988877543
888864433
775442111
733331111

988888853
988877543
888665543
776644321
731111111

988888853
988877653
886665443
776544443
731111111

988888853
988877653
888665543
774444311
733331111

996555433
986554333
865433333
764433331
731111111

997655443
976654333
855533333
754433321
731111111

997655543
977655433
855533333
754333331
733331111

997755443
986554333
865433333
764333321
731111111

997766443
977663333
877543333
774433321
773311111

997766443
987766333
887554333
774433321
733331111

997775533
977655433
877543333
777433331
773311111

997776433
977653333
877543333
777433331
773311111

997776433
977753333
877543333
777433331
773311111

997776433
977773333
877543333
777433331
773311111

997776433
977776333
877544333
777433331
773311111

997776433
977776333
877744333
777433331
773311111

997776433
985433333
865433333
764433331
731111111

997776443
977663333
855533333
754433321
733331111

997776443
977653333
877543333
774433321
773311111

997776443
977753333
877543333
774433321
773311111

997776443
977773333
877543333
774433321
773311111

997776443
977776333
877544333
774433321
773311111

997776443
985433333
885433333
774433321
731111111

997777643
977663333
855533333
754433321
733331111

997777643
977653333
877543333
774433321
773311111

997777643
977653333
877543333
774433333
773311111

997777643
977653333
877543333
777433331
773311111

997777643
977753333
877543333
774433321
773311111

997777643
977753333
877543333
774433333
773311111

997777643
977753333
877543333
777433331
773311111

997777643
977773333
877543333
774433321
773311111

997777643
977773333
877543333
774433333
773311111

997777643
977773333
877543333
777433331
773311111

997777643
987755333
887554333
774433321
733331111

997777643
987755333
887554333
774433333
733331111

997777643
987755333
887554333
777433331
733331111

998766553
977665553
875555543
775442111
773311111

998766553
988766543
888754333
774433333
733331111

998766553
988766543
888754333
776643331
731111111

998766553
988766543
888754333
777433331
733331111

998766553
988766543
888754333
777733331
733331111

998766553
988766543
888754333
777753311
733331111

998777543
987775433
876655433
774422221
731111111

998777543
988665533
876664333
776533333
731111111

998777543
988776433
877654433
774422221
731111111

998777543
988665533
886655333
775544333
731111111

998777653
977765543
875555543
775442221
773311111

998777653
987766643
866555533
764444431
733331111

998777653
988665553
866655553
766542211
731111111

998777653
987766643
877555433
774444311
733331111

998777653
988666643
877654433
777544333
731111111

998777653
987755543
886655533
774442211
731111111

998777653
987766643
886554433
774444311
733331111

998777653
987766643
887554433
774444311
733331111

998777653
987766643
887554433
775544311
731111111

998777653
987766643
887554433
775544333
731111111

998777653
988665553
887655553
777544211
731111111

998777653
988755553
887655553
774442211
731111111

998777653
988766543
888555533
777444211
733331111

998865443
977765333
876443333
774433321
773311111

998865443
987664333
876443333
774433321
731111111

998865443
987664333
885443333
774433321
731111111

998866543
988865533
888665333
777655321
733331111

998866543
988865533
888855533
777555433
733331111

998866663
987766333
887554333
775443311
731111111

998866663
988766333
888665333
774444311
733331111

998866663
988865533
888855533
777555211
733331111

998875433
988855333
876653333
776433331
733331111

998875433
988864333
876653333
776443331
733331111

998875433
988864333
877763333
777433331
731111111

998875433
988855333
888853333
777433331
733331111

998876533
988776433
876664333
776443331
731111111

998876533
988776433
877544333
777433331
731111111

998876533
988865533
888665333
776655331
731111111

998876653
988776643
866665433
765444331
731111111

998876653
988776653
866655443
764444311
733331111

998876653
988776653
866665433
765444331
731111111

998876653
988866643
866665433
766554331
731111111

998876653
988776643
876655433
774444311
733331111

998876653
988776643
877665433
774444311
731111111

998876653
988866643
877665433
777654331
731111111

998876653
988755553
888555553
777555211
733331111

998876653
988766543
887655533
777444211
731111111

998876653
988766543
888555533
777544211
733331111

998876653
988776643
888555433
775544311
733331111

998876653
988776643
888555433
775544333
733331111

998876653
988776643
888555433
777544333
733331111

998876653
988776653
888555433
775544333
733331111

998876653
988776653
888555433
777544333
733331111

998876653
988866553
887655553
777544211
731111111

998876653
988866553
888665543
776554211
731111111

998876653
988866553
888655543
777444211
733331111

998876653
988866553
888655553
777444211
733331111

998876653
988866553
888855553
777444211
733331111

998876653
988866553
888855553
777544211
733331111

998876653
988876543
886655533
776554211
731111111

998876653
988876543
887765533
777444211
731111111

998876653
988876543
888855533
777444211
733331111

998876653
988876543
888855533
777544211
733331111

998877553
977775443
877665433
774442211
773311111

998877553
987777443
866665433
764322211
731111111

998877553
988766543
866665433
765331111
731111111

998877553
988766543
866555533
766544111
733331111

998877553
988766543
866555533
766544431
733331111

998877553
988766543
866655443
766444421
733331111

998877553
988865543
866644433
766543111
731111111

998877553
988865543
866665433
766531111
731111111

998877553
988865543
866665433
766532111
731111111

998877553
988865543
866655443
766444421
733331111

998877553
988866553
866655443
766444411
733331111

998877553
988866553
866655553
766444411
733331111

998877553
988876543
866644433
766532111
731111111

998877553
988876543
866665433
766511111
731111111

998877553
988876543
866665433
766544111
731111111

998877553
988876543
866665433
766544431
731111111

998877553
988876543
866655443
766444421
733331111

998877553
987755543
877555433
775442111
731111111

998877553
988666543
876444433
775442111
731111111

998877553
988666543
877444433
777442111
731111111

998877553
988766543
876664433
775432111
731111111

998877553
988766543
877654433
777442111
731111111

998877553
988766543
877654433
777444433
731111111

998877553
988865543
876664333
776533333
731111111

998877553
988865543
877665433
777551111
731111111

998877553
988865543
877665433
777632111
731111111

998877553
988865543
877665433
777652111
731111111

998877553
988866553
876665443
776554411
731111111

998877553
988876543
876655433
776554411
731111111

998877553
988876543
877654433
777652111
731111111

998877553
987755543
887554333
775443311
731111111

998877553
987755543
887655533
775442111
731111111

998877553
988755553
888655543
775432111
733331111

998877553
988766543
886655333
774444311
733331111

998877553
988766543
886554433
775442111
731111111

998877553
988766543
887554333
774444311
731111111

998877553
988766543
887544433
777442111
731111111

998877553
988766543
887554433
777442111
731111111

998877553
988766543
887554433
777444433
731111111

998877553
988766543
887765533
777551111
731111111

998877553
988766543
888754333
774444311
733331111

998877553
988766543
888555433
775541111
733331111

998877553
988766543
888555533
775541111
733331111

998877553
988865543
888855533
775442111
733331111

998877553
988865543
888665333
776554333
731111111

998877553
988865543
888754333
776443331
731111111

998877553
988865543
888754333
776443333
731111111

998877553
988865543
888855533
777442111
733331111

998877553
988865543
888855533
777444433
733331111

998877553
988866553
886665443
776554411
731111111

998877553
988866553
887665543
777551111
731111111

998877553
988866553
888655543
776641111
731111111

998877553
988866553
888665543
776554411
731111111

998877553
988866553
888665543
776651111
731111111

998877553
988866553
888665543
776654441
731111111

998877553
988866553
888665543
776654443
731111111

998877553
988866553
888655543
777644443
733331111

998877553
988866553
888855533
777444433
733331111

998877553
988876543
886655333
776554333
731111111

998877553
988876543
886655533
776554411
731111111

998877553
988876543
887765533
774211111
731111111

998877553
988876543
887765533
774221111
731111111

998877553
988876543
887775533
774211111
731111111

998877553
988876543
887655533
777551111
731111111

998877553
988876543
887765533
777221111
731111111

998877553
988876543
887765533
777444433
731111111

998877553
988876543
888855533
777444433
733331111

998877553
988877543
887655533
777652111
731111111

998877553
988877543
887765533
777442111
731111111

998877553
988877543
888855533
775442111
733331111

998877553
988877543
888877333
775443311
733331111

998877553
988877543
888777433
776431111
731111111

998877553
988877543
888855533
777442111
733331111

998886533
988776433
866444333
764433331
733331111

998886533
988776433
876664333
776433331
731111111

998887433
977653333
855533333
754333331
731111111

998887433
988877333
876664333
776443331
733331111

998887433
988855333
888754333
776433331
731111111

998887433
988877333
888754333
776443331
731111111

998887553
977775443
877665433
774442211
773311111

998887553
987755543
866555533
764431111
731111111

998887553
987777443
866444333
764433311
733331111

998887553
988766543
866644433
766444411
731111111

998887553
988766543
866555533
766531111
733331111

998887553
988865543
866644433
766543111
731111111

998887553
988866553
866644433
766544431
731111111

998887553
988876543
866665433
766531111
731111111

998887553
988876543
866665433
766544111
731111111

998887553
988876543
866665433
766544431
731111111

998887553
988876543
866644433
766432111
733331111

998887553
988876543
866644433
766444411
733331111

998887553
988876543
866665433
766444411
733331111

998887553
988877543
866665433
766532111
731111111

998887553
988877543
866644433
766433111
733331111

998887553
987755543
877555433
775432111
731111111

998887553
988766543
876655433
776431111
731111111

998887553
988766543
876655433
776431111
733331111

998887553
988766543
877544333
774444311
731111111

998887553
988766543
877654433
777332111
731111111

998887553
988766543
877744333
777544333
731111111

998887553
988865543
876655433
776431111
733331111

998887553
988877543
876664333
776533333
731111111

998887553
988877543
876664333
776443331
733331111

998887553
988877543
876664333
776443333
733331111

998887553
988877543
877665433
777632111
731111111

998887553
987755543
887655533
775432111
731111111

998887553
988755553
888655543
776431111
731111111

998887553
988766543
886554433
775432111
731111111

998887553
988766543
886655533
776431111
731111111

998887553
988766543
886655533
776431111
733331111

998887553
988766543
887544433
777442111
731111111

998887553
988766543
887544433
777444433
731111111

998887553
988766543
888555433
776431111
731111111

998887553
988766543
888555533
776431111
731111111

998887553
988865543
886655533
776431111
733331111

998887553
988865543
887655533
777632111
731111111

998887553
988865543
888855533
775432111
733331111

998887553
988865543
888754333
776433311
731111111

998887553
988865543
888754333
776433331
731111111

998887553
988876543
887775533
774221111
731111111

998887553
988876543
887765533
777444433
731111111

998887553
988876543
887775533
777221111
731111111

998887553
988876543
888665333
774444311
733331111

998887553
988876543
888844433
775432111
733331111

998887553
988876543
888844433
775442111
733331111

998887553
988876543
888864433
775442111
733331111

998887553
988876543
888665333
777644333
733331111

998887553
988876543
888844433
777442111
733331111

998887553
988876543
888844433
777444433
733331111

998887553
988876543
888855533
777551111
733331111

998887553
988876543
888864433
777442111
733331111

998887553
988876543
888864433
777444433
733331111

998887553
988876543
888865333
777544333
733331111

998887553
988877543
887765533
777442111
731111111

998887553
988877543
888877333
775443311
733331111

998887553
988877543
888754333
776443331
731111111

998887553
988877543
888754333
776443333
731111111

998887553
988877543
888777433
776221111
731111111

998887553
988877543
888855533
777555433
733331111

998887553
988886443
888864433
777444211
733331111

998887553
988886443
888864433
777544211
733331111

998887553
998777543
866644433
744443111
733331111

998887753
988755553
866655553
766432111
731111111

998887753
988766543
866644433
765444331
731111111

998887753
988766543
866555533
766531111
733331111

998887753
988776643
866655443
766444421
731111111

998887753
988776653
866655443
765444443
731111111

998887753
988776653
866655443
766444411
731111111

998887753
988866553
866655553
766531111
731111111

998887753
988877543
866644433
766443311
733331111

998887753
988877653
866655443
766542211
731111111

998887753
987777443
877665433
775432111
731111111

998887753
988776643
877654433
777444211
731111111

998887753
988776653
877764443
777544211
731111111

998887753
988876543
876666533
776443211
733331111

998887753
988876543
877654433
777544333
731111111

998887753
988876543
877654433
777644333
731111111

998887753
988876543
877665433
777544333
731111111

998887753
988876543
877665433
777644333
731111111

998887753
988876543
877766543
777443221
731111111

998887753
988877543
876664433
776533333
731111111

998887753
988877543
876664433
776443331
733331111

998887753
988877543
876664433
776443333
733331111

998887753
988877653
877766543
777442111
731111111

998887753
987755543
887655533
775432111
731111111

998887753
988755553
887655553
777332111
731111111

998887753
988766543
886655533
776431111
731111111

998887753
988766543
886655533
776431111
733331111

998887753
988766543
887544433
774444311
731111111

998887753
988766543
888555533
776431111
731111111

998887753
988776653
888644443
777444211
733331111

998887753
988776653
888744443
777444211
733331111

998887753
988865543
887655533
777632111
731111111

998887753
988865543
888855533
775432111
733331111

998887753
988876543
887775533
774221111
731111111

998887753
988876543
887655533
777544211
731111111

998887753
988876543
887765533
777444211
731111111

998887753
988876543
887765533
777444433
731111111

998887753
988876543
887775533
777221111
731111111

998887753
988876543
888844433
777544333
733331111

998887753
988876543
888854443
777554321
733331111

998887753
988876543
888855533
777551111
733331111

998887753
988876543
888864433
777544333
733331111

998887753
988877543
887665543
777632221
731111111

998887753
988877543
887765533
777442111
731111111

998887753
988877543
888644443
774433321
733331111

998887753
988877543
888665543
775442221
733331111

998887753
988877543
888844433
775443311
733331111

998887753
988877543
888864433
775443311
733331111

998887753
988877543
888665543
776532221
731111111

998887753
988877543
888844433
777433331
733331111

998887753
988877543
888844433
777533311
733331111

998887753
988877543
888855533
777555211
733331111

998887753
988877543
888855533
777555433
733331111

998887753
988877653
887665543
777632111
731111111

998887753
988877653
887666443
777544211
731111111

998887753
988877653
887666443
777544441
731111111

998887753
988877653
887666443
777644443
731111111

998887753
988877653
887766553
777442111
731111111

998887753
988877653
888666643
774444311
733331111

998887753
988877653
888665543
775442111
733331111

998887753
988877653
888655543
777652111
733331111

998887753
988877653
888655553
777652111
733331111

998887753
988877653
888665543
777442111
733331111

998887753
988877653
888855533
777555433
733331111

998887753
988877653
888866633
777544333
733331111

998887753
988886443
888864433
775442111
733331111

998887753
988886443
888665333
776651111
731111111

998887753
988886443
888864433
777442111
733331111

998887753
988886443
888864433
777444433
733331111

998887753
988886653
888666643
776655311
731111111

998887753
988886653
888884443
777544211
733331111

998887753
998777543
866644433
744443333
733331111

998887753
998774443
877744333
732221111
731111111

998888743
988776433
866644433
764444431
733331111

998888743
988776433
866644433
766444421
733331111

998888743
988777633
866644433
764442221
733331111

998888743
988776433
877654433
777444433
731111111

998888743
988777633
876444433
774432221
733331111

998888743
988855333
876653333
776533333
731111111

998888743
988865533
876655433
776533333
731111111

998888743
988865533
876655433
776433331
733331111

998888743
988887533
877665433
777654331
731111111

998888743
987755333
886553333
774433321
731111111

998888743
987755333
886553333
774433333
731111111

998888743
988766333
886655333
774433321
733331111

998888743
988766333
886655333
774433333
733331111

998888743
988766333
886655333
776433331
733331111

998888743
988864333
888754333
776433331
731111111

998888743
988865533
887655533
777633221
731111111

998888743
988865533
888855533
775433221
733331111

998888743
988877333
888665333
776644321
731111111

998888743
988877333
888665333
777644333
733331111

998888743
988877333
888865333
777544333
733331111

998888743
988886333
888884333
777544333
733331111

998888743
998744333
866444333
744443321
733331111

998888743
998744333
866444333
744443333
733331111

998888773
977774443
876444433
774422111
773311111

998888773
977774443
877444433
774422111
773311111

998888773
988766543
866655443
764433311
733331111

998888773
988766543
866555533
766533211
733331111

998888773
988776433
866644433
764444431
733331111

998888773
988776643
866644433
766444411
733331111

998888773
988876543
866665433
766443311
733331111

998888773
987764443
877654433
775432111
731111111

998888773
987777443
877654433
775442111
731111111

998888773
988766543
876655433
776433311
733331111

998888773
988776433
877654433
777444433
731111111

998888773
988776643
876655433
776443211
731111111

998888773
988776643
877654433
777444211
731111111

998888773
988776643
877764443
777544211
731111111

998888773
988776643
877764443
777544441
731111111

998888773
988865533
876655433
776533333
731111111

998888773
988865533
876655433
776433331
733331111

998888773
988865543
876655433
776433311
733331111

998888773
988876543
877665433
777533311
731111111

998888773
988877543
876666533
776443211
733331111

998888773
988887533
877665433
777654331
731111111

998888773
987764443
887544433
775442111
731111111

998888773
987764443
887554433
775432111
731111111

998888773
988766543
888555433
777533311
733331111

998888773
988776643
888644443
777444211
733331111

998888773
988776643
888744443
777444211
733331111

998888773
988776653
888644443
777444433
733331111

998888773
988776653
888744443
777444433
733331111

998888773
988876543
888644443
774444311
733331111

998888773
988876543
888655543
776643211
731111111

998888773
988876543
888665543
776643211
731111111

998888773
988877543
887775533
774221111
731111111

998888773
988877543
887665543
777544211
731111111

998888773
988877543
887665543
777544441
731111111

998888773
988877543
887665543
777644443
731111111

998888773
988877543
887765533
777444211
731111111

998888773
988877543
887775533
777221111
731111111

998888773
988877543
888655543
776641111
731111111

998888773
988877543
888665543
776544443
731111111

998888773
988877543
888665543
776641111
731111111

998888773
988877543
888665543
776644441
731111111

998888773
988877543
888665543
777444211
733331111

998888773
988877543
888665543
777644443
733331111

998888773
988877543
888855533
777551111
733331111

998888773
988877653
888655553
776641111
731111111

998888773
988877653
888665543
776644433
731111111

998888773
988877653
888666643
776643331
731111111

998888773
988877653
888766643
776443331
731111111

998888773
988877653
888766643
776443333
731111111

998888773
988877653
888775553
776221111
731111111

998888773
988877653
888665543
777444433
733331111

998888773
988877653
888666643
777644333
733331111

998888773
988877653
888855553
777551111
733331111

998888773
988887763
888666643
776654441
731111111

998888773
988887763
888666643
776654443
731111111

998888773
988887763
888666643
777644443
733331111

998888773
988887763
888866663
777444433
733331111

998888773
988887763
888886553
777544211
733331111

998888773
988887763
888886643
777544441
733331111

998888773
998766553
866655553
744433211
733331111

998888773
998774443
866644433
744443111
733331111

998888773
997655443
886554433
733331111
731111111

999775433
986644333
876443333
776443331
731111111

999777643
987766333
887554333
777544333
731111111

999777643
988553333
886553333
776533333
733331111

999777763
976666433
875544433
775442111
773311111

999777763
977655433
875555333
775442111
773311111

999777763
977665433
875555333
775442111
773311111

999777763
987774433
876664333
775211111
731111111

999777763
987775433
876655433
775222111
731111111

999777763
987775433
877775333
777632111
731111111

999777763
987777433
877775333
777632111
731111111

999777763
988766333
875555333
774444311
733331111

999777763
988774433
876664333
774211111
731111111

999777763
988776433
876655433
774221111
731111111

999777763
988776433
876664333
774422111
731111111

999777763
988776433
876664433
774422111
731111111

999777763
988776433
877775333
773311111
731111111

999777763
987766333
887554333
777544333
731111111

999777763
987775433
886655333
775222111
731111111

999777763
987777733
887776633
777632111
731111111

999777763
988555333
887554333
777533311
733331111

999777763
988776433
886655333
774221111
731111111

999777763
988777633
887775533
777742111
733331111

999777763
998754433
877744333
733331111
731111111

999865553
977765543
875555333
775544311
773311111

999865553
977765543
875555333
775544333
773311111

999865553
987665443
877543333
777333311
731111111

999865553
987755543
875555333
775544311
733331111

999865553
987755543
875555333
775544333
733331111

999865553
988865543
876655433
776431111
733331111

999865553
988865543
876655433
776651111
733331111

999866533
988865533
886655333
776655331
733331111

999866663
988766333
887554333
777533311
733331111

999876433
988855333
886655333
776655331
733331111

999877633
987664333
866444333
765444331
731111111

999877733
987664333
866444333
765444331
731111111

999877733
988776433
866665433
764444431
731111111

999887633
988777633
864444433
764433331
733331111

999887633
988777633
876444433
776433331
733331111

999887633
988877333
876664333
776443331
733331111

999887633
988877333
876664333
776643331
733331111

999887633
987755333
887554333
777433331
731111111

999887633
988877333
886655333
776655331
733331111

999887653
977766653
875544433
775544333
773311111

999887653
977766653
875544443
775544311
773311111

999887653
987755543
866555533
765432211
731111111

999887653
987766643
866644433
765444331
731111111

999887653
988755553
866655553
764332211
731111111

999887653
988776653
866655443
764444311
731111111

999887653
988776643
876655433
774444311
731111111

999887653
988876543
876666533
776443211
733331111

999887653
988876543
876666533
776643211
733331111

999887653
988877653
876655433
776655331
733331111

999887653
988877653
876664433
776443331
733331111

999887653
988877653
876664433
776443333
733331111

999887653
988877653
876664433
776643331
733331111

999887653
988877653
876666533
776644433
733331111

999887653
988776643
887544433
777544333
733331111

999887653
988776643
887765533
777444433
733331111

999887653
988776653
887544433
777544333
733331111

999887653
988776653
887765533
777444433
733331111

999887653
988865543
886655533
776632211
733331111

999887653
988877653
886655533
776655433
733331111

999887653
988886653
887665543
777644443
733331111

999888733
988865533
876655433
776433331
733331111

999888733
988766333
886655333
776433331
733331111

999955433
988555333
865433333
764433331
733331111

999955433
988855333
865433333
764433331
733331111

999955433
986554333
876443333
776443331
731111111

999975553
986555443
876443333
776433311
731111111

999975553
987665443
875555333
775544311
733331111

999975553
988555543
877555433
773311111
731111111

999975553
988865543
876655433
774211111
731111111

999976433
986443333
876443333
776443331
731111111

999976433
986543333
876443333
776443331
731111111

999976643
988766333
866444333
764443333
731111111

999977653
977665553
875555543
775542211
773311111

999977653
987766643
877654433
777544333
731111111

999977653
987766643
887664443
777554321
731111111

999977653
988665553
887655553
777444211
733331111

999977653
988666543
887655533
777444211
733331111

999977653
988666643
887554433
777544333
733331111

999977653
988666643
887655533
777444433
733331111

999977653
988776643
887554433
777544333
733331111

999977653
988776653
887554433
777544333
733331111

999977653
988877653
886554433
776443331
733331111

999977653
988877653
886554433
776443333
733331111

999977653
998877553
887665543
733222211
731111111

999977773
987665443
877665433
777632111
731111111

999977773
987665443
877665433
777652111
731111111

999977773
987766643
877654433
777544211
731111111

999977773
988877543
876666533
774221111
731111111

999977773
988665553
887655553
777444211
733331111

999977773
988666543
887655533
777444211
733331111

999977773
988666643
887554433
777544211
733331111

999977773
988666643
887555443
777544211
733331111

999977773
988666643
887555443
777544441
733331111

999977773
988776643
887554433
777544211
733331111

999977773
988776643
887555443
777544211
733331111

999977773
988776643
887555443
777544441
733331111

999977773
988866643
887554433
777444211
733331111

999977773
988866643
887555443
777444211
733331111

999977773
988876543
886655533
774221111
731111111

999987433
987766333
866444333
765444331
731111111

999987433
988553333
865433333
764433331
733331111

999987433
986443333
876443333
776433331
731111111

999987433
986543333
876443333
776433331
731111111

999987433
988843333
876443333
776443331
733331111

999987743
986644333
866444333
764444333
733331111

999987743
987766333
866444333
765444331
731111111

999987743
988766333
866444333
764444333
731111111

999987743
988555333
887554333
773333321
731111111

999987743
988555333
887554333
773333333
731111111

999987763
986644333
866444333
764444311
733331111

999987763
986644333
866444333
764444333
733331111

999987763
987766333
866444333
765444331
731111111

999987763
988444433
866444333
764431111
731111111

999987763
988766333
866444333
764444311
731111111

999987763
988766333
866444333
764444333
731111111

999987763
988776433
866444333
764422111
731111111

999987763
988554433
877544333
773311111
731111111

999987763
988776433
876444433
774422111
731111111

999987763
988555333
887554333
773333333
731111111

999987763
988774433
887554333
777551111
733331111

999987763
988776433
886554433
776554411
733331111

999987763
988865533
887655533
777632111
733331111

999987763
988887763
887666443
777644333
733331111

999988543
976644433
876444433
774432221
773311111

999988543
988444433
876444433
774432221
731111111

999988543
988665533
876653333
776433331
733331111

999988543
988774433
876444433
774422221
731111111

999988543
988554433
887554333
773333321
731111111

999988543
988554433
887554333
773333333
731111111

999988543
988554433
887554433
773333221
731111111

999988543
988665533
886553333
776533333
733331111

999988543
988665533
886655333
776433331
733331111

999988543
988776433
887554333
777554321
733331111

999988543
988776433
887554433
777554221
733331111

999988543
988864433
887554333
777433331
733331111

999988543
988864433
887554433
777332221
733331111

999988543
988865533
886553333
776333321
733331111

999988543
988865533
886553333
776433331
733331111

999988543
998644433
864444433
744443221
733331111

999988763
977665433
875544433
775541111
773311111

999988763
986644333
866444333
764443333
733331111

999988763
988555333
865433333
764433311
733331111

999988763
988555333
865433333
764433331
733331111

999988763
988774433
866444333
764422111
731111111

999988763
988855333
865433333
764433311
733331111

999988763
988855333
865433333
764433331
733331111

999988763
987777733
877665433
777544333
731111111

999988763
988665533
876655433
776433311
733331111

999988763
988665533
876655433
776433331
733331111

999988763
988774433
876444433
774422111
731111111

999988763
988555333
885433333
774433333
733331111

999988763
988776433
886554433
776554411
733331111

999988763
988855333
885433333
774433333
733331111

999988763
988864333
887554333
777333311
733331111

999988763
988864333
887554333
777433331
733331111

999988763
988864433
886554433
776333111
733331111

999988763
988864433
887554333
777332111
733331111

999988763
988864433
887554433
777332111
733331111

999988763
988866553
887655553
777633221
733331111

999988763
988887763
887666443
777644333
733331111

999988763
988887763
887666653
777644443
733331111

999988763
988887763
887666653
777664441
733331111

999988763
996644333
866444333
744443333
733331111

999988763
998644433
864444433
744443111
733331111

999988877
988866553
865555543
764333333
733331111

999988877
988877653
887665543
777644333
733331111

999988883
987775433
877665433
777533311
731111111

999988883
987777433
877665433
777544211
731111111

999988883
987777733
877665433
777544211
731111111

999988883
988665533
886655333
776433311
733331111

999988883
988776433
886554433
776554211
733331111

999988883
988776433
887544433
777544211
733331111

999988883
988877543
887665543
777644333
733331111

999988883
988877653
887655533
777654331
733331111

999988883
988877653
887655553
777654331
733331111

999988883
988887763
887666653
777644333
733331111

999988883
988888853
887666443
777665111
733331111

999996643
988766333
866444333
764433331
731111111

999996643
988886333
887554333
777433331
733331111

999997543
976666433
876444433
774432221
773311111

999997543
988887533
887554333
777433331
733331111

999997643
986543333
876443333
774433321
733331111

999997643
986543333
876443333
774433333
733331111

999997643
986543333
876443333
776443331
731111111

999997643
986543333
876443333
776443333
731111111

999997643
988843333
876443333
776433331
733331111

999997643
988766333
887554333
777554321
733331111

999997643
988843333
885443333
774433321
733331111

999997643
988843333
885443333
774433333
733331111

999997643
988883333
886553333
776433331
733331111

999997643
988887533
887655533
777632221
733331111

999998533
988865533
876443333
776443331
733331111

999998653
988666643
887544433
777544333
733331111

999998663
986644333
866444333
764433311
733331111

999998663
987755333
876443333
775443311
731111111

999998777
988866643
887664443
777644443
733331111

999998843
988864433
887544433
777443221
733331111

999998843
988887533
887655533
777644333
733331111

999998863
986644333
866444333
766322111
731111111

999998863
988864433
876444433
776443211
733331111

999998863
988877333
886655333
774211111
731111111

999998863
988886333
886553333
776431111
733331111

999998863
988887533
887544433
777442111
733331111

999998863
988887533
887655533
777644333
733331111

999998863
998644433
864444433
744433211
733331111

999998863
998744333
866444333
744422111
731111111

999998863
998744333
866444333
744443111
731111111

999999433
988864333
876443333
776443331
733331111

999999433
988886333
886553333
776433331
733331111

999999433
988886333
887554333
777433331
733331111

999999733
988864333
876443333
776443331
733331111

999999733
988886333
886553333
776433331
733331111

999999733
988886333
887554333
777433331
733331111

999999883
976644433
876444433
774442211
773311111

999999883
976654433
876444433
774442211
773311111

999999883
976654433
876444433
774444311
773311111

999999883
988864433
887544433
777444211
733331111

999999883
988887763
887544433
777444211
733331111