988877
986543
733333

998743
988733
733331

998843
988643
733331

998843
988541
733331

997663
987541
733331

998843
986543
733331

988643
986543
733331

998843
986533
733331

988643
986533
733331

998743
986333
733331

988643
985531
733331

999773
985433
733331

998743
985433
733331

998443
985433
733331

988643
985433
733331

998743
985331
733331

976643
975433
733331

988643
965533
733331

988763
965443
733331

988643
965443
733331

998743
955441
733331

998743
955433
733331

998443
955433
733331

998743
955333
733331

887743
887441
733331

887743
887333
733331

888773
886433
733331

888443
886433
733331

876643
875443
733331

886643
855431
733331

866443
854431
733331

887743
854333
733331

876443
844433
733331

976643
775441
733331

876643
775441
733331

988643
765533
733331

998743
755441
733331

886643
755441
733331

998743
755333
733331

887743
754333
733331

876443
744431
733331

998653
988643
733111

998653
988321
733111

998443
988321
733111

997663
987631
733111

997663
987433
733111

998653
986641
733111

988763
986641
733111

998743
986633
733111

988763
986633
733111

988643
986633
733111

988763
986543
733111

998743
986533
733111

988763
986533
733111

988643
986333
733111

999763
985531
733111

998743
985531
733111

988763
985531
733111

988733
985531
733111

988643
985433
733111

986543
985433
733111

999433
985331
733111

998633
985331
733111

988643
985331
733111

986633
985331
733111

997553
984421
733111

986543
984421
733111

976643
975433
733111

976643
975421
733111

976553
975421
733111

976643
974431
733111

974443
973321
733111

988763
965533
733111

986543
964433
733111

987433
963331
733111

998653
955441
733111

986543
955433
733111

997663
954433
733111

986543
954433
733111

986543
954221
733111

976643
944431
733111

974443
943321
733111

887743
887633
733111

887743
887533
733111

888773
886651
733111

888653
886643
733111

888653
886421
733111

888653
885421
733111

886643
885421
733111

886643
885331
733111

886433
885331
733111

886643
884321
733111

887633
883331
733111

876653
875443
733111

876643
875333
733111

876643
874331
733111

876433
874331
733111

888653
865321
733111

888443
865321
733111

886643
865321
733111

887543
864221
733111

886663
855431
733111

886643
855431
733111

886643
855331
733111

886433
855331
733111

866653
854443
733111

887633
854431
733111

887543
854431
733111

887533
854431
733111

886663
854431
733111

886643
854431
733111

886643
854333
733111

876643
844433
733111

876653
844421
733111

876643
844421
733111

876653
844321
733111

876643
844321
733111

876443
844321
733111

844433
843331
733111

876653
775441
733111

988763
765533
733111

987533
764431
733111

986633
764431
733111

986543
764431
733111

986533
764431
733111

887633
764431
733111

887543
764431
733111

887533
764431
733111

886663
764431
733111

886643
764431
733111

886643
764321
733111

998653
755441
733111

886643
755333
733111

997553
754421
733111

986543
754421
733111

966653
754421
733111

887543
754421
733111

886643
754421
733111

866653
754421
733111

886643
754333
733111

976643
744431
733111

876643
744431
733111

974443
743321
733111

877543
743221
733111

974443
733321
733111

988643
886541
333331

988643
886433
333331

976643
875443
333331

876643
875443
333331

998743
855431
333331

998443
855431
333331

886643
855431
333331

998743
855331
333331

866443
854431
333331

887743
854333
333331

876443
844433
333331

876443
644431
333331

866443
554431
333331

986543
886433
311111

887543
886433
311111

886663
886433
311111

886643
886433
311111

986543
886421
311111

887543
886421
311111

886643
886421
311111

887543
885421
311111

987433
885331
311111

887633
885331
311111

886643
884321
311111

886433
883331
311111

997663
876643
311111

997663
876433
311111

997663
876431
311111

997433
876331
311111

999433
874331
311111

876653
866443
311111

976643
866431
311111

876643
866431
311111

875543
864221
311111

976643
854333
311111

876643
854333
311111

995443
844321
311111

965443
844321
311111

766543
764431
311111

766543
743221
311111

876643
666433
311111

876643
666431
311111

877543
665221
311111

876643
664331
311111

876433
664331
311111

876433
663331
311111

875543
654221
311111

876443
653321
311111

766543
443221
311111

