98887753
88877653
87666443
87644411
71111111

99777653
87775543
87765533
87642211
71111111

98887753
88877653
87666443
87642211
71111111

99777653
87775543
87765533
87622211
71111111

98877553
88765543
87765533
87554111
71111111

99887743
87777533
87766433
87544321
71111111

99887653
87776653
87766433
87543331
71111111

98877533
88877533
87664333
87543331
71111111

99776533
87766433
87554333
87543331
71111111

99777533
87765533
87554333
87543331
71111111

99887653
87776653
87766433
87533333
71111111

98887753
88777543
87765533
87532111
71111111

98877553
88765543
87765533
87532111
71111111

98887753
88755553
87755543
87532111
71111111

98887753
88777543
87775543
87522221
71111111

99877643
87777533
87765533
87522221
71111111

98888653
88877653
87766433
87443333
71111111

98888743
88877533
87766433
87443333
71111111

98877553
88777543
87664333
87443333
71111111

99877553
87775543
87664333
87443333
71111111

98877553
88765543
87554333
87443333
71111111

99877553
87755543
87554333
87443333
71111111

98877553
88777543
87664333
87443311
71111111

98877553
88775443
87664333
87443311
71111111

99877553
87775543
87664333
87443311
71111111

98877553
88765543
87554333
87443311
71111111

99877553
87755543
87554333
87443311
71111111

99766553
87666443
87554333
87443311
71111111

99988753
87776443
87443333
87421111
71111111

99777653
87775543
87765533
87322211
71111111

98887753
88887443
88665433
86655433
71111111

98887753
88887443
88665433
86655431
71111111

98888663
88877653
88665553
86644421
71111111

98777533
88776433
88765333
86644331
71111111

98776543
88776433
88765333
86644331
71111111

98888653
88877653
88665433
86644331
71111111

98888743
88877533
88665433
86644331
71111111

98888743
88775333
88765333
86543321
71111111

98887753
88777543
88754443
86543321
71111111

98888743
88775333
88765333
86533333
71111111

98887753
88877653
86664443
86533211
71111111

98888653
88877653
88765543
86444443
71111111

98877553
88765543
88644433
86443111
71111111

98877553
88765543
86644433
86443111
71111111

98877553
88765543
88655533
86441111
71111111

98877553
88765543
88555433
86441111
71111111

98887753
88775443
86655433
86441111
71111111

98877553
88765543
86655433
86441111
71111111

98888653
88765543
88655533
86433211
71111111

98877553
88775443
88644433
86433211
71111111

98877553
88775443
86644433
86433211
71111111

98877553
88765543
88665433
86332111
71111111

98887753
88765543
88655533
86332111
71111111

98776543
87766433
87554333
85543321
71111111

99887743
87766433
86644433
85444421
71111111

98877533
87777533
87664333
85443331
71111111

98877553
87775543
87664333
85443331
71111111

98877533
87765533
87554333
85443331
71111111

98877553
87755543
87554333
85443331
71111111

98877553
87775543
87664333
85443311
71111111

98877553
87755543
87554333
85443311
71111111

98766553
87666443
87554333
85443311
71111111

98887753
88775443
86655433
85442111
71111111

98877553
88765543
86655433
85442111
71111111

98766553
88765543
86655433
85442111
71111111

99877553
87755543
86655433
85442111
71111111

98776543
87766433
87664333
85433321
71111111

98887753
88777543
86664443
85433321
71111111

99876443
87733333
86533333
85433321
71111111

98776543
88776433
86644433
85433221
71111111

98877533
87765533
87664333
85333331
71111111

99885433
87554333
86533333
85333331
71111111

99876443
87533333
86533333
85333321
71111111

99877553
87775543
86655433
85321111
71111111

99877553
87755543
86655433
85321111
71111111

99775553
87755543
86655433
85111111
71111111

98877533
88776433
87664333
84444331
71111111

98765533
88665433
87554333
84444331
71111111

99887653
88766653
86644433
84444331
71111111

99887633
88766633
86644433
84444331
71111111

98776543
87766433
86655433
84444221
71111111

99887743
88766633
86644433
84444221
71111111

98877553
88777543
87664333
84443311
71111111

98877553
88775443
87664333
84443311
71111111

98877553
88765543
87554333
84443311
71111111

98776543
87766433
86644433
84443221
71111111

98887753
88754443
87554333
84431111
71111111

98877553
88765543
87664333
84333331
71111111

98888743
87765533
86655433
84333331
71111111

99877553
88765543
86655433
84311111
71111111

98887753
87776443
86655433
84311111
71111111

99877553
88765543
87664333
83333333
71111111

99877643
88765333
87664333
83333333
71111111

99877643
88765333
87664333
83333321
71111111

99876443
86533333
83333333
83333321
71111111

99987763
88555433
87554333
83333111
71111111

98877553
88777543
87765533
82222111
71111111

99877643
99877633
88776433
77764333
71111111

99977653
99777653
88776433
77764333
71111111

99887743
99887633
88766633
77764333
71111111

99996653
99775553
88765543
77755211
71111111

99887743
99877633
88776433
77754433
71111111

99988853
99777653
88776433
77754433
71111111

99988753
99777653
88776433
77754433
71111111

99988753
99777443
88776433
77754433
71111111

99887743
99877633
88776433
77754221
71111111

99988853
99777443
88775443
77754221
71111111

99988853
99777443
88776433
77753311
71111111

99987763
99776533
88776433
77753311
71111111

99988753
99775553
88775443
77753311
71111111

99977653
99777653
88754443
77753311
71111111

99988753
99777653
88777543
77752111
71111111

99988753
99777653
88765543
77744441
71111111

99988753
99777653
88766633
77743333
71111111

99988853
99775553
88765333
77743333
71111111

99988753
99775553
88765543
77743111
71111111

99988753
99775553
88755553
77743111
71111111

99887653
99877553
88765543
77742211
71111111

99977653
99775553
88765543
77742211
71111111

99887653
99877553
88755553
77742211
71111111

99988753
99777653
88754443
77742211
71111111

99877553
99876443
88776433
77733211
71111111

99988753
99775553
88765543
77733211
71111111

99999773
99996653
88766653
77666543
71111111

99987763
99986633
88766633
77655311
71111111

99988853
99977653
88775443
77654441
71111111

99988753
99977653
88775443
77654441
71111111

99977653
99666653
88665553
77654441
71111111

99777533
99776533
88765333
77644331
71111111

99977653
99975553
88765543
77644211
71111111

99777653
99775553
88765543
77644211
71111111

99977653
99975553
88665553
77644211
71111111

99877553
99876443
88665433
77644211
71111111

99877553
99875443
88665433
77644211
71111111

99975553
99965443
88644433
77644211
71111111

99887743
99887533
88877533
77643221
71111111

99887743
99877633
88854433
77643221
71111111

99997543
99655433
88644433
77643221
71111111

99998543
99654433
88644433
77643221
71111111

99988853
99975553
88765333
77633333
71111111

99988753
99975553
88665433
77633333
71111111

99887653
99877553
88665553
77632211
71111111

99877553
99876443
88644433
77632211
71111111

99999773
99997543
88765543
77611111
71111111

99877553
99766553
88765543
77554441
71111111

99877553
99766553
88765543
77554111
71111111

99877553
99775553
88765543
77544443
71111111

99988753
99777653
88665553
77544443
71111111

99887653
77777653
77766553
77544443
71111111

99988853
99777653
88665433
77544433
71111111

99988753
99777653
88665433
77544433
71111111

99988753
99777443
88665433
77544433
71111111

99975553
99775553
88665433
77544433
71111111

99987763
99776533
88655533
77544433
71111111

99998543
99776533
88644433
77544433
71111111

99997543
99776533
88644433
77544433
71111111

99999773
99754433
88644433
77544433
71111111

98887753
98777443
87766433
77544433
71111111

98888743
98777533
87765533
77544433
71111111

98887753
98776543
87765533
77544433
71111111

98877553
98776543
87765533
77544433
71111111

99887653
97776643
87765533
77544433
71111111

99987763
97777663
87666443
77544433
71111111

99877553
77766553
77754433
77544433
71111111

99998543
99776533
88644433
77544421
71111111

99997543
99776533
88644433
77544421
71111111

98888743
98777533
87765533
77544421
71111111

98887753
98776543
87755543
77544421
71111111

99887653
97776643
87755543
77544421
71111111

99887533
99776533
88765333
77544331
71111111

99988853
99777443
88665433
77544331
71111111

99987763
99776533
88665433
77544331
71111111

98777533
98766433
87554333
77544331
71111111

99887653
77777653
77766433
77544331
71111111

99887743
77776333
77765333
77544331
71111111

99887633
77776333
77765333
77544331
71111111

99877643
77776333
77765333
77544331
71111111

99877633
77776333
77765333
77544331
71111111

99887743
77776333
77764333
77544331
71111111

99887633
77776333
77764333
77544331
71111111

99877643
77776333
77764333
77544331
71111111

99877633
77776333
77764333
77544331
71111111

99988753
99775553
88665433
77533331
71111111

99988853
99965443
88555433
77533331
71111111

98887753
98776543
87766433
77533331
71111111

99887653
97776643
87766433
77533331
71111111

99777533
97665433
87664333
77533331
71111111

99887653
77777653
77764433
77533331
71111111

99877643
77765333
77764333
77533331
71111111

99877633
77765333
77764333
77533331
71111111

99998543
77765533
77633333
77533331
71111111

99999643
77764333
77633333
77533331
71111111

99988753
99775553
88665553
77533111
71111111

99988753
99965443
88555433
77533111
71111111

99877553
99777443
88776433
77532211
71111111

99887653
99775553
88765543
77532211
71111111

99887653
99877553
88665553
77532211
71111111

99877553
99876443
88644433
77532211
71111111

99877553
99775553
88765543
77522111
71111111

99988853
99877643
88665433
77444431
71111111

99988753
99877643
88665433
77444431
71111111

99877553
99775553
88665433
77444431
71111111

99887743
99776533
88655533
77444431
71111111

99887533
99776533
88655533
77444431
71111111

98888743
98877533
87765533
77444431
71111111

99887743
77766433
77544433
77444431
71111111

99887743
99877633
88766633
77444321
71111111

99887743
99776533
88655533
77444221
71111111

99887743
99766633
88644433
77444221
71111111

98888743
98877533
87765533
77444221
71111111

99988753
99876443
88665433
77443111
71111111

99988753
99875443
88665433
77443111
71111111

99999773
99876443
88644433
77443111
71111111

99877553
99876443
88776433
77433211
71111111

99988853
99876443
88665433
77433211
71111111

99988853
99875443
88665433
77433211
71111111

99998663
99855533
88655533
77433211
71111111

99988753
99877553
88665553
77431111
71111111

99988753
77544443
77544433
77332111
71111111

98776543
98765533
88765333
76655333
71111111

99999773
99654433
86644433
76644433
71111111

98887753
98877553
88665553
76632211
71111111

99777653
99775553
87775543
76632211
71111111

99877553
99876443
86644433
76632211
71111111

99987763
99655433
86655433
76631111
71111111

99877643
99766633
87765533
76554431
71111111

99877633
99766633
87765533
76554431
71111111

99877553
99766553
87765533
76554431
71111111

99975553
99775553
86655433
76554431
71111111

99877553
99775553
87755543
76552111
71111111

98777533
98765533
88555433
76544431
71111111

99887533
99777533
87766433
76544431
71111111

99887743
99776533
87765533
76544431
71111111

99887533
99776533
87765533
76544431
71111111

99877553
99775553
87765533
76544431
71111111

99998543
99776533
86644433
76544431
71111111

99997543
99776533
86644433
76544431
71111111

99999773
99754433
86644433
76544431
71111111

98877553
98766553
88754443
76544411
71111111

98877553
98776543
88765333
76544333
71111111

98888743
98877533
88665433
76544333
71111111

99887653
99777653
87766433
76544333
71111111

99887743
99777533
87766433
76544333
71111111

99887743
99877633
86666633
76544333
71111111

99987763
99776533
86655433
76544333
71111111

99777653
76666643
76654433
76544333
71111111

98888743
98776333
88765333
76543321
71111111

99887743
99776533
87766433
76543321
71111111

99988853
99777443
87666443
76543321
71111111

99887653
99877643
86664443
76543321
71111111

99887743
99777533
87765533
76532221
71111111

99988853
99777443
86664443
76532221
71111111

98887753
98777443
88765333
76532111
71111111

98887753
98877553
88665553
76532111
71111111

98887753
98855543
88655533
76532111
71111111

99877553
99775553
87775543
76532111
71111111

99988753
99777443
87664333
76532111
71111111

99988753
99954443
87554333
76532111
71111111

99988753
99744443
86644433
76532111
71111111

99887653
99775553
87775543
76522211
71111111

99877553
99875443
86655433
76522211
71111111

98888653
98877553
88765543
76444211
71111111

98887753
98776543
88655533
76444211
71111111

98888663
98875333
88765333
76433311
71111111

99887653
99777653
86664443
76433311
71111111

98888743
98765533
88655533
76433221
71111111

98887753
98877553
88765543
76432211
71111111

98877553
98777443
88665433
76422211
71111111

99887653
99877553
87775543
76422211
71111111

99887743
99655333
87554333
76333333
71111111

98888743
98765533
86655433
76333333
71111111

99887743
99655333
87554333
76333321
71111111

98888743
98765533
86655433
76333321
71111111

98888663
98765533
88655533
76333211
71111111

99977653
99877553
87775543
76332211
71111111

99987763
99877633
87766433
76332211
71111111

99988853
99887743
87777533
76322111
71111111

99777533
77764433
76544333
75544331
71111111

99766553
77666443
76654433
75543211
71111111

98877533
98765533
86655433
75444431
71111111

98777533
98765533
86655433
75444431
71111111

99887743
97776433
86655433
75444431
71111111

99887533
97775533
86655433
75444431
71111111

99877553
77766553
76654433
75444431
71111111

99887743
77766433
76644433
75444431
71111111

98877533
97776433
87664333
75444331
71111111

98765533
97665433
87554333
75444331
71111111

98887753
98776543
86655433
75444331
71111111

99887653
97776643
86655433
75444331
71111111

99887743
97775533
86655433
75444331
71111111

98887753
98766553
86644433
75444331
71111111

99887633
97766633
86644433
75444331
71111111

98887753
77766553
77544433
75444331
71111111

99887743
77776333
76655333
75444331
71111111

99887633
77776333
76655333
75444331
71111111

99776533
77766433
76655333
75444331
71111111

99777533
77765533
76655333
75444331
71111111

99877643
77765333
76655333
75444331
71111111

99877633
77765333
76655333
75444331
71111111

99887533
77766433
76544333
75444331
71111111

99885433
77765333
76544333
75444331
71111111

99887533
77764433
76544333
75444331
71111111

99887743
77764333
76544333
75444331
71111111

99887633
77764333
76544333
75444331
71111111

99877643
77764333
76544333
75444331
71111111

99877633
77764333
76544333
75444331
71111111

98877553
97766443
87554333
75444311
71111111

98877553
97754443
87554333
75444311
71111111

98887753
98776543
86655433
75444311
71111111

99887653
97776643
86655433
75444311
71111111

98887753
77766553
77544443
75444311
71111111

99886663
77776333
76655333
75444311
71111111

98888743
98765533
86655433
75433333
71111111

99887743
77776333
76666333
75433333
71111111

98888743
98765533
86655433
75333331
71111111

99885433
97655333
86533333
75333331
71111111

98776543
77766433
77764333
75333331
71111111

98777533
77765533
77764333
75333331
71111111

99777533
98765533
86655433
74444431
71111111

99887743
98766433
86644433
74444431
71111111

98888743
77764333
76544333
74443321
71111111

98887753
77544443
76544333
73321111
71111111

99887653
98877553
87775543
73222211
71111111

99877553
98776543
87765533
73211111
71111111

88888883
88877753
88854433
87554333
33333331

99777653
88777543
87775543
77744441
33333331

99988753
88877653
87664333
77644331
33333331

98887753
88877753
88877533
77544433
33333331

98887753
88877653
88877533
77544433
33333331

98887753
88877653
88877333
77544331
33333331

98887753
88877753
88877533
77444431
33333331

98887753
88877653
88877533
77444431
33333331

98887753
88877753
88877533
75444431
33333331

98887753
88877653
88877533
75444431
33333331

98887753
88877653
88877333
75444331
33333331

