999773
876643
844433
733331

999853
876433
844433
733331

999553
876433
844433
733331

997553
876433
844433
733331

887543
876443
854443
733111

877543
876443
854443
733111

999853
876653
844433
733111

999883
876643
844433
733111

999853
876643
844433
733111

999553
876443
844433
733111

997553
876443
844433
733111

997553
866443
844433
733111

885553
854443
844433
733111

999773
876643
844433
333331

999853
876433
844433
333331

999553
876433
844433
333331

997553
876433
844433
333331

999953
975433
743333
333331

999773
975433
743333
333331

999773
964433
743333
333331

999953
987533
733333
333331

999953
987433
733333
333331

999773
987433
733333
333331

999953
985433
733333
333331

999773
985433
733333
333331

999953
975433
733333
333331

999773
975433
733333
333331

999773
954433
733333
333331

999653
886643
876643
311111

998843
887743
876443
311111

998743
887743
876443
311111

998743
887543
876443
311111

999853
886643
876443
311111

999883
886643
876433
311111

999853
886643
876433
311111

999953
888653
875333
311111

999983
888443
875333
311111

999953
888443
875333
311111

999853
888443
875333
311111

986543
876443
866443
311111

998743
887743
854443
311111

998743
887543
854443
311111

997553
887543
854333
311111

999953
999653
743333
311111

888887
887743
666433
311111

888773
887533
666433
311111

887743
877543
644443
311111

887543
875443
644443
311111

877543
875443
644443
311111

