9977777
9777773
8777543
7774433
7733311

9977777
9777653
8777543
7774433
7733311

9988753
9777653
8776553
7744441
7733311

9988753
9777653
8776543
7744441
7733311

9888863
8888753
8886653
8876443
7333331

9888863
8887663
8887553
8874331
7333331

9887653
8886653
8885533
8874331
7333331

9888887
8888753
8866433
8864333
7333331

9988873
8887663
8885533
8775331
7333331

9988753
8887553
8885533
8775331
7333331

9986653
8886653
8885533
8775331
7333331

9998753
8888753
8766533
8766431
7333331

9998887
8888753
8866633
8764433
7333331

9888887
8888753
8866633
8764433
7333331

9999653
8886653
8866633
8764433
7333331

9998887
8888753
8866433
8764433
7333331

9888887
8888753
8866433
8764433
7333331

9998753
8888753
8766533
8764433
7333331

9988753
8888753
8766533
8764433
7333331

9998777
8887663
8766533
8764433
7333331

9988873
8887663
8766533
8764331
7333331

9998753
8887553
8766533
8764331
7333331

9988753
8887553
8766533
8764331
7333331

9999883
8886653
8766533
8764331
7333331

9999653
8886653
8766533
8764331
7333331

9986653
8886653
8766533
8764331
7333331

9999883
8888753
8764433
8764331
7333331

9988753
8886653
8885333
8743331
7333331

9988753
8877653
8864333
8743331
7333331

9986653
8886653
8666533
8665333
7333331

9988753
8888753
8666533
8664433
7333331

9988753
8888753
8666533
8664431
7333331

9887663
8876443
8655433
8654333
7333331

9988873
8887663
8666533
8644331
7333331

9988753
8887553
8666533
8644331
7333331

9986653
8886653
8666533
8644331
7333331

9986653
8876653
8666533
8644331
7333331

9986653
8776543
8555543
8555441
7333331

9999863
9888863
8876663
7776641
7333331

9999883
9888863
8876653
7776631
7333331

9999863
9888863
8876653
7776631
7333331

9998887
9888763
8876653
7774433
7333331

9998887
9888773
8876443
7774433
7333331

9988873
9887653
8887553
7774331
7333331

9988753
9886553
8885533
7773331
7333331

9998753
9888553
8766533
7766533
7333331

9988873
9888773
8888753
7754443
7333331

9988873
9888763
8888753
7754443
7333331

9888773
9888763
8888753
7754443
7333331

9888763
9887653
8887553
7754443
7333331

9988873
9888773
8886653
7754443
7333331

9988873
9888763
8886653
7754443
7333331

9888763
9887653
8887553
7744441
7333331

9988873
9888773
8886653
7744441
7333331

9988873
9888763
8886653
7744441
7333331

9988753
9877643
8776543
7744441
7333331

9777653
7777543
7775543
7744441
7333331

9986653
9886553
8666533
7665431
7333331

9888773
9887663
8666533
7644433
7333331

9988753
9887653
8666533
7644433
7333331

9986653
9886553
8666533
7644433
7333331

9986653
9876553
8666533
7644433
7333331

9888773
9887663
8666533
7644431
7333331

9988753
9887653
8666533
7644431
7333331

9986653
9886553
8666533
7644431
7333331

9986653
9876553
8666533
7644431
7333331

9887663
9877643
8855533
7554331
7333331

9888763
9887653
8887553
7544443
7333331

9888763
9887663
8887553
7544431
7333331

9888773
9887653
8887553
7544431
7333331

9888863
9888763
8886653
7544431
7333331

9887653
9886553
8885533
7544431
7333331

9988753
9987643
8666543
7444441
7333331

9877753
7777643
7775543
7444441
7333331

9888763
9877643
8864333
7444331
7333331

9877753
9876553
8855533
7444331
7333331

9988753
9987553
8666533
7444331
7333331

9887663
9877643
8665543
7444331
7333331

9888773
8888753
8887553
8877511
7331111

9888773
8888753
8886653
8876443
7331111

9888773
8888753
8886653
8875211
7331111

9877753
8876653
8876443
8875211
7331111

9888863
8887633
8885533
8874331
7331111

9887653
8886653
8884433
8874331
7331111

9888773
8888753
8887553
8872211
7331111

9888763
8887633
8884433
8872211
7331111

9877753
8877653
8876443
8872211
7331111

9888887
8888753
8866633
8866433
7331111

9887653
8886653
8866433
8865331
7331111

9888863
8887633
8866433
8864411
7331111

9888763
8887633
8866433
8864411
7331111

9888553
8887553
8865443
8864411
7331111

9888773
8887633
8866633
8864333
7331111

9888763
8887633
8866633
8864333
7331111

9887663
8887633
8866433
8864333
7331111

9888773
8887633
8866633
8863333
7331111

9888763
8887633
8866633
8863333
7331111

9887653
8886653
8866433
8863333
7331111

9888773
8887633
8866633
8863331
7331111

9888763
8887633
8866633
8863331
7331111

9888733
8887633
8866633
8863331
7331111

9887653
8886653
8866433
8863331
7331111

9888533
8884433
8864333
8863331
7331111

9888533
8885533
8863333
8863331
7331111

9888763
8885333
8863333
8863331
7331111

9888733
8885333
8863333
8863331
7331111

9887653
8887553
8885533
8855533
7331111

9888773
8888753
8886653
8855111
7331111

9888763
8887633
8885533
8854411
7331111

9888763
8887633
8885533
8851111
7331111

9888863
8887633
8885333
8851111
7331111

9888863
8888753
8887553
8844421
7331111

9888773
8887663
8865443
8844421
7331111

9877643
8866633
8855533
8844421
7331111

9999973
8887663
8877653
8777641
7331111

9988753
8888753
8887553
8777543
7331111

9998887
8888753
8877733
8777533
7331111

9997777
8887663
8877653
8776543
7331111

9988873
8888753
8886653
8776421
7331111

9988753
8888753
8886653
8776211
7331111

9998753
8888753
8876653
8776211
7331111

9977743
8877733
8776633
8774221
7331111

9987643
8887633
8884433
8773321
7331111

9999863
8888753
8877653
8773321
7331111

9997753
8886653
8876443
8773211
7331111

9877753
8876653
8876443
8773211
7331111

9998753
8888753
8866633
8766431
7331111

9988753
8888753
8866633
8766431
7331111

9999883
8886653
8866433
8766431
7331111

9999653
8886653
8766533
8766431
7331111

9999943
8887633
8866433
8765321
7331111

9999883
8888753
8866633
8764433
7331111

9998743
8887633
8866433
8764433
7331111

9988873
8887633
8866433
8764433
7331111

9888863
8887633
8866433
8764433
7331111

9888773
8887633
8866433
8764433
7331111

9888763
8887633
8866433
8764433
7331111

9988553
8887553
8866433
8764433
7331111

9987553
8887553
8866433
8764433
7331111

9888553
8887553
8866433
8764433
7331111

9888863
8887663
8865443
8764433
7331111

9888763
8887663
8865443
8764433
7331111

9997777
8886653
8865443
8764433
7331111

9999883
8888753
8766533
8764433
7331111

9998743
8887633
8766533
8764433
7331111

9997643
8887633
8766533
8764433
7331111

9987643
8887633
8766533
8764433
7331111

9998753
8887553
8766533
8764433
7331111

9997753
8887553
8766533
8764433
7331111

9988753
8887553
8766533
8764433
7331111

9988553
8887553
8766533
8764433
7331111

9987553
8887553
8766533
8764433
7331111

9999883
8888753
8866633
8764331
7331111

9998743
8887633
8866633
8764331
7331111

9988733
8887633
8866633
8764331
7331111

9888773
8887633
8866633
8764331
7331111

9888763
8887633
8866633
8764331
7331111

9888733
8887633
8866633
8764331
7331111

9998633
8887633
8866433
8764331
7331111

9997643
8887633
8866433
8764331
7331111

9988633
8887633
8866433
8764331
7331111

9987643
8887633
8866433
8764331
7331111

9887663
8887633
8866433
8764331
7331111

9998753
8887553
8866433
8764331
7331111

9997753
8887553
8866433
8764331
7331111

9988753
8887553
8866433
8764331
7331111

9999973
8887633
8864333
8764331
7331111

9999943
8887633
8864333
8764331
7331111

9999863
8885533
8864333
8764331
7331111

9999533
8885533
8864333
8764331
7331111

9995533
8885533
8864333
8764331
7331111

9999433
8885333
8864333
8764331
7331111

9985433
8885333
8864333
8764331
7331111

9999973
8884433
8864333
8764331
7331111

9999943
8884433
8864333
8764331
7331111

9999533
8884433
8864333
8764331
7331111

9987533
8884433
8864333
8764331
7331111

9988873
8887633
8766533
8764331
7331111

9999973
8887633
8764433
8764331
7331111

9999943
8887633
8764433
8764331
7331111

9999863
8884433
8764433
8764331
7331111

9998743
8887633
8866633
8764321
7331111

9997643
8887633
8866433
8764321
7331111

9987643
8887633
8866433
8764321
7331111

9999943
8887633
8864333
8764321
7331111

9885443
8885333
8864333
8764321
7331111

9999943
8884433
8864333
8764321
7331111

9999943
8887633
8764433
8764321
7331111

9998743
8887633
8866633
8763331
7331111

9988733
8887633
8866633
8763331
7331111

9888773
8887633
8866633
8763331
7331111

9888763
8887633
8866633
8763331
7331111

9888733
8887633
8866633
8763331
7331111

9998633
8887633
8866433
8763331
7331111

9988633
8887633
8866433
8763331
7331111

9998753
8887553
8866433
8763331
7331111

9988753
8887553
8866433
8763331
7331111

9887653
8886653
8866433
8763331
7331111

9987533
8885533
8864333
8763331
7331111

9997643
8885333
8864333
8763331
7331111

9987643
8885333
8864333
8763331
7331111

9987433
8885333
8864333
8763331
7331111

9998543
8884433
8864333
8763331
7331111

9888533
8884433
8864333
8763331
7331111

9998543
8885533
8863333
8763331
7331111

9888533
8885533
8863333
8763331
7331111

9998743
8885333
8863333
8763331
7331111

9998633
8885333
8863333
8763331
7331111

9988733
8885333
8863333
8763331
7331111

9988633
8885333
8863333
8763331
7331111

9985433
8885333
8863333
8763331
7331111

9888763
8885333
8863333
8763331
7331111

9888733
8885333
8863333
8763331
7331111

9999533
8884433
8863333
8763331
7331111

9988873
8887633
8766533
8763331
7331111

9997643
8887633
8764433
8763331
7331111

9987643
8887633
8764433
8763331
7331111

9997753
8887553
8764433
8763331
7331111

9999653
8886653
8764433
8763331
7331111

9888763
8887633
8866633
8763311
7331111

9887663
8885333
8864333
8763311
7331111

9888763
8885333
8863333
8763311
7331111

9988873
8888753
8886653
8755321
7331111

9888863
8888753
8886653
8755321
7331111

9988873
8885533
8885333
8743331
7331111

9888863
8885533
8885333
8743331
7331111

9888533
8885533
8885333
8743331
7331111

9987643
8887633
8884433
8743331
7331111

9887663
8887633
8884433
8743331
7331111

9988733
8887633
8866633
8743331
7331111

9888773
8887633
8866633
8743331
7331111

9888763
8887633
8866633
8743331
7331111

9888733
8887633
8866633
8743331
7331111

9988753
8877653
8866633
8743331
7331111

9988633
8887633
8866433
8743331
7331111

9988753
8887553
8866433
8743331
7331111

9887653
8886653
8866433
8743331
7331111

9988733
8877733
8866433
8743331
7331111

9888773
8877733
8866433
8743331
7331111

9888763
8877733
8866433
8743331
7331111

9888733
8877733
8866433
8743331
7331111

9887653
8876653
8866433
8743331
7331111

9997643
8866633
8866433
8743331
7331111

9987533
8885533
8864333
8743331
7331111

9987643
8885333
8864333
8743331
7331111

9987433
8885333
8864333
8743331
7331111

9888533
8884433
8864333
8743331
7331111

9999973
8866633
8864333
8743331
7331111

9999943
8866633
8864333
8743331
7331111

9999973
8866433
8864333
8743331
7331111

9999943
8866433
8864333
8743331
7331111

9999533
8866433
8864333
8743331
7331111

9966533
8866433
8864333
8743331
7331111

9888533
8885533
8863333
8743331
7331111

9988733
8885333
8863333
8743331
7331111

9988633
8885333
8863333
8743331
7331111

9985433
8885333
8863333
8743331
7331111

9888763
8885333
8863333
8743331
7331111

9888733
8885333
8863333
8743331
7331111

9999973
8866433
8863333
8743331
7331111

9999943
8866433
8863333
8743331
7331111

9999533
8866433
8863333
8743331
7331111

9999433
8864333
8863333
8743331
7331111

9865433
8864333
8863333
8743331
7331111

9999863
8885533
8855533
8743331
7331111

9988753
8877653
8776633
8743331
7331111

9988873
8877653
8776543
8743331
7331111

9988873
8887633
8766533
8743331
7331111

9987643
8887633
8764433
8743331
7331111

9999863
8866433
8764433
8743331
7331111

9999883
8885533
8855533
8733311
7331111

9999863
8885533
8855533
8733311
7331111

9988873
8888753
8666543
8666431
7331111

9988753
8888753
8666543
8665543
7331111

9988753
8888753
8666543
8665541
7331111

9987553
8887553
8665543
8665441
7331111

9987643
8887633
8666533
8664433
7331111

9988753
8887553
8666533
8664433
7331111

9988553
8887553
8666533
8664433
7331111

9987553
8887553
8666533
8664433
7331111

9988733
8887633
8666533
8664431
7331111

9988633
8887633
8666533
8664431
7331111

9987643
8887633
8666533
8664431
7331111

9988753
8887553
8666533
8664431
7331111

9988553
8887553
8666533
8664431
7331111

9987553
8887553
8666533
8664431
7331111

9988753
8886653
8664433
8664431
7331111

9987643
8887633
8666533
8664421
7331111

9988873
8887663
8666443
8664421
7331111

9988753
8887553
8666443
8664311
7331111

9988753
8887553
8666443
8663311
7331111

9887653
8877653
8655433
8655331
7331111

9998753
8877653
8655433
8654431
7331111

9988753
8877653
8655433
8654431
7331111

9997753
8876653
8655433
8654431
7331111

9997753
8876443
8655433
8654431
7331111

9997753
8865443
8655433
8654431
7331111

9998743
8877733
8655433
8654333
7331111

9888773
8877733
8655433
8654333
7331111

9888763
8877733
8655433
8654333
7331111

9986653
8876653
8655433
8654333
7331111

9887653
8876653
8655433
8654333
7331111

9997643
8866633
8655433
8654333
7331111

9966643
8866633
8655433
8654333
7331111

9977743
8855533
8655433
8654333
7331111

9997753
8876443
8655433
8654111
7331111

9997753
8865443
8655433
8654111
7331111

9998753
8876443
8654333
8654111
7331111

9997753
8876443
8654333
8654111
7331111

9988753
8876443
8654333
8654111
7331111

9999863
8864333
8654333
8654111
7331111

9998753
8876443
8655433
8653111
7331111

9988753
8876443
8655433
8653111
7331111

9888773
8876443
8655433
8653111
7331111

9998753
8865443
8655433
8653111
7331111

9999883
8866633
8654333
8653111
7331111

9999863
8866633
8654333
8653111
7331111

9997753
8865443
8654333
8653111
7331111

9888863
8887663
8666543
8644331
7331111

9988873
8887553
8666543
8644331
7331111

9988873
8877653
8666543
8644331
7331111

9988873
8887633
8666533
8644331
7331111

9888863
8887633
8666533
8644331
7331111

9888863
8887663
8665543
8644331
7331111

9988873
8887553
8665543
8644331
7331111

9988873
8877653
8665543
8644331
7331111

9987533
8885533
8665333
8644331
7331111

9987643
8885333
8665333
8644331
7331111

9987433
8885333
8665333
8644331
7331111

9985433
8885333
8665333
8644331
7331111

9966533
8866433
8665333
8644331
7331111

9887653
8886653
8664433
8644331
7331111

9887653
8876653
8664433
8644331
7331111

9998633
8866633
8664433
8644331
7331111

9997643
8866633
8664433
8644331
7331111

9998633
8887633
8655433
8644331
7331111

9998753
8887553
8655433
8644331
7331111

9977633
8866633
8655433
8644331
7331111

9877643
8866633
8655433
8644331
7331111

9877633
8866633
8655433
8644331
7331111

9999973
8887633
8654333
8644331
7331111

9999943
8887633
8654333
8644331
7331111

9999863
8885533
8654333
8644331
7331111

9999533
8885533
8654333
8644331
7331111

9995533
8885533
8654333
8644331
7331111

9999433
8885333
8654333
8644331
7331111

9999973
8884433
8654333
8644331
7331111

9999943
8884433
8654333
8644331
7331111

9999533
8884433
8654333
8644331
7331111

9977743
8864333
8654333
8644331
7331111

9977633
8864333
8654333
8644331
7331111

9877643
8864333
8654333
8644331
7331111

9877633
8864333
8654333
8644331
7331111

9965533
8855533
8654333
8644331
7331111

9988753
8887553
8666543
8643211
7331111

9888763
8877733
8666533
8643211
7331111

9988753
8877653
8666443
8643211
7331111

9999973
8865443
8665333
8643211
7331111

9888863
8884433
8664433
8643211
7331111

9886553
8876443
8664433
8643211
7331111

9999883
8866433
8664433
8643211
7331111

9999863
8866433
8664433
8643211
7331111

9987553
8887553
8666543
8642111
7331111

9987553
8887553
8665543
8642111
7331111

9997753
8865443
8665333
8642111
7331111

9888763
8884433
8664433
8642111
7331111

9877753
8865443
8655433
8642111
7331111

9877753
8876443
8654333
8642111
7331111

9888863
8866433
8655433
8633311
7331111

9988873
8865443
8655433
8633311
7331111

9987553
8865443
8654333
8633311
7331111

9888763
8864333
8654333
8633311
7331111

9999883
8885533
8655433
8633111
7331111

9999863
8885533
8655433
8633111
7331111

9888763
8866433
8655433
8633111
7331111

9988753
8865443
8655433
8633111
7331111

9888773
8865443
8655433
8633111
7331111

9888863
8864333
8654333
8633111
7331111

9988753
8777543
8555543
8554421
7331111

9988553
8777543
8555543
8554421
7331111

9987553
8776543
8555543
8554421
7331111

9988753
8776543
8555543
8553221
7331111

9877753
8877653
8876443
8444411
7331111

9888763
8877733
8866633
8444411
7331111

9888863
8887633
8866433
8444411
7331111

9888763
8887633
8866433
8444411
7331111

9888553
8887553
8865443
8444411
7331111

9888773
8777543
8766533
8444411
7331111

9888553
8777543
8766533
8444411
7331111

9888763
8777533
8766533
8444411
7331111

9888763
8776633
8764433
8444411
7331111

9888553
8776543
8764433
8444411
7331111

9887653
8877653
8666543
8444411
7331111

9888863
8877733
8666533
8444411
7331111

9887653
8876653
8665543
8444411
7331111

9888773
8876443
8664433
8444411
7331111

9877753
8876443
8655433
8444411
7331111

9877753
8865443
8655433
8444411
7331111

9876553
8776543
8655433
8444411
7331111

9976553
8666543
8655433
8444411
7331111

9877753
8777543
8776543
8442221
7331111

9888763
8866633
8655433
8433211
7331111

9888863
8866433
8655433
8433211
7331111

9888553
8865443
8655433
8433211
7331111

9988873
8666443
8655433
8433211
7331111

9988553
8666443
8655433
8433211
7331111

9999973
9887663
8877653
7777643
7331111

9999973
9887653
8877653
7777643
7331111

9988873
9888773
8887663
7777421
7331111

9988873
9888773
8887553
7777421
7331111

9988873
9888773
8888753
7776551
7331111

9988873
9888763
8888753
7776541
7331111

9988873
9888863
8886653
7776541
7331111

9997753
9887653
8877653
7776541
7331111

9988873
9888763
8886653
7776311
7331111

9997753
9887653
8877653
7776311
7331111

9998753
9888553
8876443
7776311
7331111

9988873
9888863
8888753
7776211
7331111

9988873
9888763
8888753
7776211
7331111

9998777
9887663
8877653
7775543
7331111

9998777
9887653
8877653
7775543
7331111

9998753
9887653
8877653
7775543
7331111

9988753
9887653
8887633
7775533
7331111

9988873
9888763
8887663
7774433
7331111

9988873
9888733
8887633
7774433
7331111

9988753
9887653
8885533
7774433
7331111

9987643
9886633
8885533
7774433
7331111

9987553
9886553
8885533
7774433
7331111

9988553
9886553
8884433
7774433
7331111

9987553
9886553
8884433
7774433
7331111

9998887
9888763
8877653
7774433
7331111

9999883
9888773
8876663
7774433
7331111

9999877
9888763
8876663
7774433
7331111

9999883
9888763
8876653
7774433
7331111

9999973
9888773
8876443
7774433
7331111

9999973
9888553
8876443
7774433
7331111

9998777
9887653
8876443
7774433
7331111

9997777
9887653
8876443
7774433
7331111

9988873
9888763
8887663
7774331
7331111

9988873
9888733
8887633
7774331
7331111

9988733
9887333
8885333
7774331
7331111

9988633
9887333
8885333
7774331
7331111

9988633
9886633
8884433
7774331
7331111

9987643
9886633
8884433
7774331
7331111

9988753
9886553
8884433
7774331
7331111

9998743
9888733
8877733
7774331
7331111

9999883
9888763
8876653
7774331
7331111

9977743
9877633
8776633
7774331
7331111

9999883
9888763
8877653
7773331
7331111

9987553
9885443
8884433
7773211
7331111

9999883
9888863
8877733
7773211
7331111

9999883
9888763
8877733
7773211
7331111

9999883
9888733
8877733
7773211
7331111

9999863
9888733
8877733
7773211
7331111

9999973
9888863
8877653
7773211
7331111

9998753
9887653
8876443
7773211
7331111

9877753
9877643
8876443
7772221
7331111

9998743
9888733
8766533
7766533
7331111

9999653
9886553
8766533
7766533
7331111

9998743
9888733
8866433
7766321
7331111

9998743
9888533
8866433
7766321
7331111

9999943
9886633
8866433
7766321
7331111

9998743
9888733
8866633
7766221
7331111

9998743
9888733
8766533
7766221
7331111

9998743
9888533
8766533
7766221
7331111

9888863
9888733
8866633
7765411
7331111

9888763
9888733
8866633
7765411
7331111

9998753
9888443
8866433
7765411
7331111

9988753
9888443
8866433
7765411
7331111

9888773
9888443
8866433
7765411
7331111

9999883
9887663
8866433
7765411
7331111

9997753
9887653
8865443
7765411
7331111

9998743
9888733
8866433
7765321
7331111

9998743
9888533
8866433
7765321
7331111

9997643
9886633
8866433
7765321
7331111

9987643
9886633
8866433
7765321
7331111

9888763
9888733
8866633
7765211
7331111

9888863
9888733
8866433
7765211
7331111

9988873
9888443
8866433
7765211
7331111

9988553
9888443
8866433
7765211
7331111

9888553
9888443
8866433
7765211
7331111

9997753
9887653
8865443
7765211
7331111

9888763
9888733
8866633
7765111
7331111

9888863
9888533
8866433
7765111
7331111

9998753
9888443
8866433
7765111
7331111

9988753
9888443
8866433
7765111
7331111

9888773
9888443
8866433
7765111
7331111

9988873
9887663
8865443
7764443
7331111

9998753
9887653
8865443
7764443
7331111

9988753
9887653
8865443
7764443
7331111

9998743
9886633
8764433
7764221
7331111

9887663
9886633
8866433
7763311
7331111

9998753
9886553
8865443
7763311
7331111

9988753
9886553
8865443
7763311
7331111

9988873
9885443
8865443
7763311
7331111

9887663
9887333
8864333
7763311
7331111

9987553
9885443
8864333
7763311
7331111

9988553
9885443
8863333
7763311
7331111

9985553
9885443
8863333
7763311
7331111

9888553
9885443
8863333
7763311
7331111

9887663
9883333
8863333
7763311
7331111

9999883
9886633
8864333
7763111
7331111

9999863
9886633
8864333
7763111
7331111

9997753
9885443
8864333
7763111
7331111

9999883
9886633
8863333
7763111
7331111

9999863
9886633
8863333
7763111
7331111

9998753
9885443
8863333
7763111
7331111

9988753
9885443
8863333
7763111
7331111

9997753
9885443
8764433
7763111
7331111

9888773
9887653
8887553
7755421
7331111

9888763
9887653
8887553
7755421
7331111

9988873
9888773
8886653
7755421
7331111

9997643
9877633
8855533
7755421
7331111

9987643
9877633
8855533
7755421
7331111

9988873
9888773
8887663
7754443
7331111

9988873
9888763
8887553
7754443
7331111

9888863
9888763
8887553
7754443
7331111

9988753
9888553
8887553
7754443
7331111

9988873
9888773
8887663
7754321
7331111

9988873
9888553
8887553
7754321
7331111

9888863
9888553
8887553
7754321
7331111

9888773
9887653
8886653
7754321
7331111

9888763
9887653
8886653
7754321
7331111

9888443
9887333
8885333
7754321
7331111

9987643
9886633
8884433
7754321
7331111

9888773
9887653
8886653
7753321
7331111

9888763
9887653
8886653
7753321
7331111

9888763
9888733
8887633
7752211
7331111

9888773
9888763
8887553
7752211
7331111

9988753
9888553
8887553
7752211
7331111

9888773
9888553
8887553
7752211
7331111

9888773
9888763
8888753
7751111
7331111

9888863
9887333
8885333
7751111
7331111

9888863
9888533
8884433
7751111
7331111

9988753
9888443
8884433
7751111
7331111

9888773
9888443
8884433
7751111
7331111

9988753
9885443
8884433
7751111
7331111

9888773
9885443
8884433
7751111
7331111

9998753
9877643
8855533
7751111
7331111

9988753
9877643
8855533
7751111
7331111

9888773
9877643
8855533
7751111
7331111

9888763
9877633
8855533
7751111
7331111

9988873
9888773
8887663
7744441
7331111

9988873
9888763
8887553
7744441
7331111

9888863
9888763
8887553
7744441
7331111

9988753
9888553
8887553
7744441
7331111

9988753
9877753
8876653
7744441
7331111

9888773
9877753
8876653
7744441
7331111

9988873
9877643
8876443
7744441
7331111

9888773
9877643
8876443
7744441
7331111

9988873
9887663
8865443
7744441
7331111

9988753
9887653
8865443
7744441
7331111

9988873
9877643
8865443
7744441
7331111

9888773
9877643
8865443
7744441
7331111

9997753
9866653
8865443
7744441
7331111

9988873
9877753
8776553
7744441
7331111

9777773
9777653
8776553
7744441
7331111

9888773
9877753
8876653
7743221
7331111

9888763
9877753
8876653
7743221
7331111

9988753
9877643
8876443
7743221
7331111

9999943
9864433
8863333
7743221
7331111

9998543
9864433
8764433
7743221
7331111

9888763
9888553
8887553
7742221
7331111

9888773
9877753
8877653
7742221
7331111

9888763
9877753
8877653
7742221
7331111

9877753
9877643
8876443
7742221
7331111

9999943
9864433
8864333
7742221
7331111

9998543
9864433
8764433
7742221
7331111

9777653
7777543
7775543
7742221
7331111

9988733
9888733
8666533
7666531
7331111

9988633
9888533
8666533
7666531
7331111

9988873
9888773
8666543
7666433
7331111

9988873
9888733
8666533
7666433
7331111

9988753
9888553
8666533
7666433
7331111

9988553
9888553
8666533
7666433
7331111

9988873
9888553
8666543
7666333
7331111

9988873
9888533
8666533
7666333
7331111

9988873
9888773
8666543
7665431
7331111

9988873
9888733
8666533
7665431
7331111

9988753
9888553
8666533
7665431
7331111

9988553
9888553
8666533
7665431
7331111

9988733
9888533
8666533
7665431
7331111

9987643
9886633
8666533
7665431
7331111

9987553
9886553
8666533
7665431
7331111

9988753
9888553
8666443
7665311
7331111

9988873
9888443
8666443
7665311
7331111

9987553
9885443
8665333
7664311
7331111

9985553
9885443
8665333
7664311
7331111

9988753
9887653
8666443
7663211
7331111

9988753
9886553
8665543
7663211
7331111

9987553
9885443
8664433
7663211
7331111

9988753
9887653
8665543
7661111
7331111

9987553
9886553
8665543
7661111
7331111

9988753
9888443
8664433
7661111
7331111

9988753
9885443
8664433
7661111
7331111

9887653
9877643
8655433
7655311
7331111

9887663
9877633
8655433
7655311
7331111

9998753
9877643
8655433
7654411
7331111

9988873
9877643
8655433
7654411
7331111

9988753
9877643
8655433
7654411
7331111

9888773
9877643
8655433
7654411
7331111

9888863
9877633
8655433
7654411
7331111

9888763
9877633
8655433
7654411
7331111

9997753
9875443
8655433
7654411
7331111

9998753
9877643
8655433
7654211
7331111

9988753
9877643
8655433
7654211
7331111

9888773
9877643
8655433
7654211
7331111

9888763
9877633
8655433
7654211
7331111

9987553
9875443
8655433
7654211
7331111

9985553
9875443
8655433
7654211
7331111

9999973
9875443
8654333
7654211
7331111

9999973
9864443
8654333
7654211
7331111

9999973
9875443
8655433
7653211
7331111

9988873
9875443
8655433
7653211
7331111

9988553
9875443
8655433
7653211
7331111

9888553
9875443
8655433
7653211
7331111

9999883
9865433
8655433
7653211
7331111

9999863
9865433
8655433
7653211
7331111

9997753
9875443
8655433
7652111
7331111

9988873
9877643
8654333
7652111
7331111

9888863
9877633
8654333
7652111
7331111

9888863
9877333
8654333
7652111
7331111

9998753
9864443
8654333
7652111
7331111

9888773
9887663
8666543
7644443
7331111

9988753
9887653
8666543
7644443
7331111

9888773
9877643
8666543
7644443
7331111

9988873
9887663
8666443
7644443
7331111

9988753
9887653
8666443
7644443
7331111

9988873
9877643
8666443
7644443
7331111

9888773
9877643
8666443
7644443
7331111

9888773
9887663
8665543
7644443
7331111

9988753
9887653
8665543
7644443
7331111

9987553
9886553
8665543
7644443
7331111

9888773
9877643
8665543
7644443
7331111

9987553
9876553
8665543
7644443
7331111

9886553
9876553
8665543
7644443
7331111

9888763
9887663
8666543
7644433
7331111

9888773
9887653
8666543
7644433
7331111

9988873
9877753
8666543
7644433
7331111

9988753
9887653
8666533
7644433
7331111

9888887
9877753
8666533
7644433
7331111

9988753
9877643
8666533
7644433
7331111

9887653
9877643
8666533
7644433
7331111

9987643
9877633
8666533
7644433
7331111

9888773
9877633
8666533
7644433
7331111

9888763
9877633
8666533
7644433
7331111

9887663
9877633
8666533
7644433
7331111

9888863
9887663
8666443
7644433
7331111

9888763
9887663
8666443
7644433
7331111

9988873
9887653
8666443
7644433
7331111

9888773
9887653
8666443
7644433
7331111

9888887
9877643
8666443
7644433
7331111

9888763
9887663
8665543
7644433
7331111

9888773
9887653
8665543
7644433
7331111

9888773
9886633
8664433
7644433
7331111

9888763
9886633
8664433
7644433
7331111

9988553
9886553
8664433
7644433
7331111

9987553
9886553
8664433
7644433
7331111

9888553
9886553
8664433
7644433
7331111

9988553
9876553
8664433
7644433
7331111

9987553
9876553
8664433
7644433
7331111

9888553
9876553
8664433
7644433
7331111

9998753
9866653
8664433
7644433
7331111

9999973
9865433
8664433
7644433
7331111

9999943
9865433
8664433
7644433
7331111

9998887
9887653
8655433
7644433
7331111

9998753
9887653
8655433
7644433
7331111

9997753
9885443
8655433
7644433
7331111

9976553
9876553
8655433
7644433
7331111

9877753
9875443
8655433
7644433
7331111

9877753
9866653
8655433
7644433
7331111

9977743
9865433
8655433
7644433
7331111

9865553
9855553
8655433
7644433
7331111

9888763
9887663
8666543
7644431
7331111

9888773
9887653
8666543
7644431
7331111

9988873
9877753
8666543
7644431
7331111

9988753
9887653
8666533
7644431
7331111

9988753
9877643
8666533
7644431
7331111

9887653
9877643
8666533
7644431
7331111

9988733
9877633
8666533
7644431
7331111

9988633
9877633
8666533
7644431
7331111

9987643
9877633
8666533
7644431
7331111

9888773
9877633
8666533
7644431
7331111

9888763
9877633
8666533
7644431
7331111

9888733
9877633
8666533
7644431
7331111

9887663
9877633
8666533
7644431
7331111

9888863
9887663
8666443
7644431
7331111

9888763
9887663
8666443
7644431
7331111

9988873
9887653
8666443
7644431
7331111

9888773
9887653
8666443
7644431
7331111

9888763
9887663
8665543
7644431
7331111

9888773
9887653
8665543
7644431
7331111

9988733
9886633
8664433
7644431
7331111

9888773
9886633
8664433
7644431
7331111

9888763
9886633
8664433
7644431
7331111

9888733
9886633
8664433
7644431
7331111

9988553
9886553
8664433
7644431
7331111

9987553
9886553
8664433
7644431
7331111

9888553
9886553
8664433
7644431
7331111

9988553
9876553
8664433
7644431
7331111

9987553
9876553
8664433
7644431
7331111

9888553
9876553
8664433
7644431
7331111

9998753
9866653
8664433
7644431
7331111

9999973
9865433
8664433
7644431
7331111

9999943
9865433
8664433
7644431
7331111

9998753
9887653
8655433
7644431
7331111

9997753
9885443
8655433
7644431
7331111

9976553
9876553
8655433
7644431
7331111

9877753
9875443
8655433
7644431
7331111

9877753
9866653
8655433
7644431
7331111

9977743
9865433
8655433
7644431
7331111

9865553
9855553
8655433
7644431
7331111

9965533
9855533
8655433
7644431
7331111

9888773
9887663
8666543
7644421
7331111

9988753
9877643
8666543
7644421
7331111

9887653
9877643
8666543
7644421
7331111

9987643
9877633
8666533
7644421
7331111

9988873
9887663
8666443
7644421
7331111

9888773
9887663
8666443
7644421
7331111

9988753
9877643
8666443
7644421
7331111

9888773
9887663
8665543
7644421
7331111

9988753
9877643
8665543
7644421
7331111

9999943
9865433
8664433
7644421
7331111

9977743
9865433
8655433
7644421
7331111

9997753
9865553
8665543
7642111
7331111

9998753
9864443
8664433
7642111
7331111

9997753
9885443
8655433
7642111
7331111

9877753
9875443
8655433
7642111
7331111

9997643
9887333
8654333
7633321
7331111

9999943
9886633
8654333
7633321
7331111

9987643
9865333
8654333
7633321
7331111

9987443
9865333
8654333
7633321
7331111

9998753
9885443
8655433
7633111
7331111

9888763
9865433
8655433
7633111
7331111

9999883
9886633
8654333
7633111
7331111

9999863
9886633
8654333
7633111
7331111

9997753
9885443
8654333
7633111
7331111

9988753
9864443
8654333
7633111
7331111

9888763
9864433
8654333
7633111
7331111

9986653
9775553
8555543
7555211
7331111

9865433
9865333
8864333
7554331
7331111

9888863
9877633
8855533
7554331
7331111

9988873
9777653
8555543
7554331
7331111

9988553
7777543
7555333
7554331
7331111

9987553
7775543
7555333
7554331
7331111

9985553
7775543
7555333
7554331
7331111

9987533
7775533
7555333
7554331
7331111

9966533
7766533
7555333
7554331
7331111

9966533
7666433
7555333
7554331
7331111

9966643
7666333
7555333
7554331
7331111

9966433
7666333
7555333
7554331
7331111

9965533
7665533
7555333
7554331
7331111

9888863
9877633
8855533
7554311
7331111

9988873
7777543
7555333
7554311
7331111

9988553
7777543
7555333
7554311
7331111

9987553
7775543
7555333
7554311
7331111

9985553
7775543
7555333
7554311
7331111

9888887
9876553
8855533
7553333
7331111

9998887
9766543
8555543
7553333
7331111

9988553
7775543
7555333
7553333
7331111

9988873
7775533
7555333
7553333
7331111

9998543
7766533
7555333
7553333
7331111

9888863
9888763
8887553
7544443
7331111

9888773
9877753
8876653
7544443
7331111

9888773
9877643
8876443
7544443
7331111

9888773
9877643
8865443
7544443
7331111

9977777
9766543
8555543
7544443
7331111

9888773
9888763
8887663
7544431
7331111

9888863
9888733
8887633
7544431
7331111

9888773
9888733
8887633
7544431
7331111

9888763
9888733
8887633
7544431
7331111

9887663
9886633
8885533
7544431
7331111

9888773
9886633
8884433
7544431
7331111

9888763
9886633
8884433
7544431
7331111

9888733
9886633
8884433
7544431
7331111

9888553
9886553
8884433
7544431
7331111

9888863
9877633
8866433
7544431
7331111

9888773
9877633
8866433
7544431
7331111

9888763
9877633
8866433
7544431
7331111

9888733
9877633
8866433
7544431
7331111

9888863
9887663
8865443
7544431
7331111

9888763
9887663
8865443
7544431
7331111

9888773
9887653
8865443
7544431
7331111

9877753
9876553
8855533
7544431
7331111

9888773
9888763
8888753
7541111
7331111

9888863
9887333
8885333
7541111
7331111

9888863
9888533
8884433
7541111
7331111

9888773
9888443
8884433
7541111
7331111

9888773
9885443
8884433
7541111
7331111

9877753
7766443
7555333
7541111
7331111

9988753
9766543
8555543
7533221
7331111

9877643
9855533
8855533
7532221
7331111

9988753
7777643
7544443
7532221
7331111

9888773
9877753
8876653
7444441
7331111

9888773
9877643
8876443
7444441
7331111

9888773
9877643
8865443
7444441
7331111

9877753
9777653
8776553
7444441
7331111

9877753
9777653
8776543
7444441
7331111

9988753
9987553
8666543
7444441
7331111

9988553
9987553
8666543
7444441
7331111

9988873
9977743
8666543
7444441
7331111

9888773
9877643
8666543
7444441
7331111

9988873
9987643
8666443
7444441
7331111

9888773
9877643
8666443
7444441
7331111

9988753
9987553
8665543
7444441
7331111

9988553
9987553
8665543
7444441
7331111

9987553
9985553
8665543
7444441
7331111

9987553
9976553
8665543
7444441
7331111

9888773
9877643
8665543
7444441
7331111

9886553
9876553
8665543
7444441
7331111

9976553
9876553
8555543
7444441
7331111

9777773
9766543
8555543
7444441
7331111

9888773
7777643
7766443
7444441
7331111

9888763
7777663
7765553
7444441
7331111

9999973
7655443
7644443
7444441
7331111

9888773
9877753
8876443
7444331
7331111

9888773
9877633
8866633
7444331
7331111

9888763
9877633
8866633
7444331
7331111

9888733
9877633
8866633
7444331
7331111

9887653
9877643
8866433
7444331
7331111

9887663
9877633
8866433
7444331
7331111

9888773
9877753
8865443
7444331
7331111

9865433
9865333
8864333
7444331
7331111

9877753
9777653
8776633
7444331
7331111

9988873
9987553
8666543
7444331
7331111

9988873
9987533
8666533
7444331
7331111

9988873
9977633
8666533
7444331
7331111

9888863
9877633
8666533
7444331
7331111

9888773
9877753
8666443
7444331
7331111

9988873
9987553
8665543
7444331
7331111

9988873
9987533
8665333
7444331
7331111

9987533
9985433
8665333
7444331
7331111

9987643
9985333
8665333
7444331
7331111

9987433
9985333
8665333
7444331
7331111

9985433
9985333
8665333
7444331
7331111

9987643
9976333
8665333
7444331
7331111

9987433
9976333
8665333
7444331
7331111

9966533
9966433
8665333
7444331
7331111

9995533
9965533
8665333
7444331
7331111

9888763
9877333
8665333
7444331
7331111

9888733
9877333
8665333
7444331
7331111

9865433
9865333
8665333
7444331
7331111

9966533
9666533
8665333
7444331
7331111

9988753
9976553
8664433
7444331
7331111

9998743
9966533
8664433
7444331
7331111

9998753
9987553
8655433
7444331
7331111

9998743
9987533
8655433
7444331
7331111

9997753
9985553
8655433
7444331
7331111

9977743
9966533
8655433
7444331
7331111

9977743
9965533
8655433
7444331
7331111

9877753
9876553
8655433
7444331
7331111

9877753
9865553
8655433
7444331
7331111

9877753
9775553
8655433
7444331
7331111

9877753
9775543
8655433
7444331
7331111

9877753
9766543
8655433
7444331
7331111

9977743
9666533
8655433
7444331
7331111

9999863
9987533
8654333
7444331
7331111

9999533
9987533
8654333
7444331
7331111

9999973
9987433
8654333
7444331
7331111

9999943
9987433
8654333
7444331
7331111

9999533
9987433
8654333
7444331
7331111

9999973
9985433
8654333
7444331
7331111

9999943
9985433
8654333
7444331
7331111

9999533
9985433
8654333
7444331
7331111

9995533
9985433
8654333
7444331
7331111

9999433
9985333
8654333
7444331
7331111

9977743
9976333
8654333
7444331
7331111

9977633
9976333
8654333
7444331
7331111

9977743
9974333
8654333
7444331
7331111

9977633
9974333
8654333
7444331
7331111

9888773
7777753
7766443
7444331
7331111

9998753
7666553
7644433
7444331
7331111

9997753
7666553
7644433
7444331
7331111

9998753
7666543
7644433
7444331
7331111

9997753
7666543
7644433
7444331
7331111

9888773
9877753
8876653
7443221
7331111

9888763
9877753
8876653
7443221
7331111

9988753
9977743
8666543
7443221
7331111

9997643
9966533
8666533
7443221
7331111

9988753
9987643
8666443
7443221
7331111

9997753
9966643
8666443
7443221
7331111

9999943
9966433
8664433
7443221
7331111

9999943
9985433
8655433
7443221
7331111

9998543
9985433
8655433
7443221
7331111

9877753
7777643
7754443
7443221
7331111

9999943
7666433
7644433
7443221
7331111

9888773
9877753
8876653
7443211
7331111

9888773
9877643
8876443
7443211
7331111

9888773
9877643
8866433
7443211
7331111

9888763
9877633
8866433
7443211
7331111

9988753
9987553
8666543
7443211
7331111

9887653
9876553
8666543
7443211
7331111

9988753
9977743
8666533
7443211
7331111

9988873
9987443
8666443
7443211
7331111

9988873
9977743
8666443
7443211
7331111

9888773
9877643
8666443
7443211
7331111

9988753
9985553
8665543
7443211
7331111

9988753
9976553
8665543
7443211
7331111

9987553
9987443
8664433
7443211
7331111

9988873
9974443
8664433
7443211
7331111

9988553
9974443
8664433
7443211
7331111

9999883
9966433
8664433
7443211
7331111

9999863
9966433
8664433
7443211
7331111

9999883
9985433
8655433
7443211
7331111

9999863
9985433
8655433
7443211
7331111

9999973
9986443
8654333
7443211
7331111

9877753
7777753
7777643
7443211
7331111

9877753
7777753
7777543
7443211
7331111

9877753
7777643
7774433
7443211
7331111

9888773
7777543
7766533
7443211
7331111

9888773
7777643
7766443
7443211
7331111

9777773
7777643
7754443
7443211
7331111

9888863
7774433
7644433
7443211
7331111

9999883
7666433
7644433
7443211
7331111

9999863
7666433
7644433
7443211
7331111

9988873
7644443
7644433
7443211
7331111

9988553
7644443
7644433
7443211
7331111

9877753
9777653
8777543
7441111
7331111

9877753
9777653
8776553
7441111
7331111

9877753
9777653
8776543
7441111
7331111

9888553
9775543
8764433
7441111
7331111

9988753
9987553
8665543
7441111
7331111

9988553
9987553
8665543
7441111
7331111

9987553
9985553
8665543
7441111
7331111

9987553
9976553
8665543
7441111
7331111

9888773
9877643
8665543
7441111
7331111

9988873
9987643
8665333
7441111
7331111

9988753
9987443
8665333
7441111
7331111

9888863
9877633
8665333
7441111
7331111

9888863
9877333
8665333
7441111
7331111

9888773
9875443
8664433
7441111
7331111

9999883
9987533
8655433
7441111
7331111

9999863
9987533
8655433
7441111
7331111

9998753
9987443
8655433
7441111
7331111

9997753
9986443
8655433
7441111
7331111

9877753
9875443
8655433
7441111
7331111

9877753
9765443
8655433
7441111
7331111

9999883
9988633
8654333
7441111
7331111

9999863
9988633
8654333
7441111
7331111

9877753
9864443
8654333
7441111
7331111

9777773
9766543
8555543
7441111
7331111

9877753
7777753
7777643
7441111
7331111

9888553
7775543
7644433
7441111
7331111

9998753
7655443
7644433
7441111
7331111

9999883
9998753
8877653
7333331
7331111

9999883
9985553
8855533
7333331
7331111

9988873
9966533
8855533
7333331
7331111

9888763
9655333
8533333
7333331
7331111

9888733
9655333
8533333
7333331
7331111

9865433
9644333
8533333
7333331
7331111

9999863
9998753
8877653
7333321
7331111

9888443
9655333
8533333
7333321
7331111

9885443
9655333
8533333
7333321
7331111

9998753
9997753
8876653
7333211
7331111

9988753
9865553
8555543
7333211
7331111

8888753
8886653
8885333
8743331
3333331

8888753
8877653
8864333
8743331
3333331

8887663
8876443
8655433
8654333
3333331

8888753
8887553
8666533
8644331
3333331

8886653
8876653
8666533
8644331
3333331

8876663
8865443
8655433
8644331
3333331

9998887
8888753
8766533
7766533
3333331

9888863
8888753
8886653
7754443
3333331

9888863
8888753
8886653
7744441
3333331

9777653
8777543
7775543
7744441
3333331

9777653
8776543
7775543
7744441
3333331

9986653
8886653
8666533
7665533
3333331

9888773
8887663
8666533
7644433
3333331

9999863
8865443
8664433
7644433
3333331

9888763
8887663
7666553
7644433
3333331

9887653
8887553
7665533
7644433
3333331

9997777
8887663
7655533
7644433
3333331

9999863
8865443
7644443
7644433
3333331

9888773
8887663
8666533
7644431
3333331

9999863
8865443
8664433
7644431
3333331

9888763
8887663
7666553
7644431
3333331

9887653
8887553
7665533
7644431
3333331

9999863
8865443
7644443
7644431
3333331

9999863
8865443
7644433
7644431
3333331

8886653
8876653
8855533
7555333
3333331

9887653
8877653
8855533
7554331
3333331

9887653
8876653
8855533
7554331
3333331

9888863
8888753
8886653
7544443
3333331

8877653
8776543
8555543
7544443
3333331

9888763
8887663
8887553
7544431
3333331

9887653
8887553
8885533
7544431
3333331

8888753
8877653
8864333
7444331
3333331

8877653
8876653
8855533
7444331
3333331

8886653
8876653
8666533
7444331
3333331

8876663
8865443
8655433
7444331
3333331

9877753
8776553
7775533
7444331
3333331

9887653
8877653
7665533
7444331
3333331

9887653
8876653
7665533
7444331
3333331

9877753
8776553
7655533
7444331
3333331

8877653
8776543
6655543
6444443
3333331

8886653
8876653
8666533
4444331
3333331

8876663
8865443
8655433
4444331
3333331

9998753
9887653
6544333
4444331
3333331

8888753
8876653
8665333
4443331
3333331

8876663
8876443
8655433
4443331
3333331

9998753
9887653
6544333
4443331
3333331

8887663
8865443
8655433
4433333
3333331

8888753
8886653
8885333
8743331
3333311

8888753
8877653
8864333
8743331
3333311

8866633
8866433
8665333
8655331
3333311

8886653
8876443
8655433
8655331
3333311

8887553
8876443
8655433
8654431
3333311

8888753
8887553
8666533
8644331
3333311

8886653
8876653
8666533
8644331
3333311

8887663
8876663
8665543
8644331
3333311

8877653
8876443
8655433
8644331
3333311

8876653
8865443
8655433
8644331
3333311

8876653
8776553
8776543
8444411
3333311

8886653
8776543
8766533
8444411
3333311

9977777
8877653
8777543
7774433
3333311

9977743
8877733
8777533
7774433
3333311

9998887
8888753
8766533
7766533
3333311

9888763
8887633
8864333
7763311
3333311

9888773
8887663
8887553
7754443
3333311

9888763
8887663
8887553
7754443
3333311

9966643
8866633
8766533
7754321
3333311

9888773
8887663
8887553
7744441
3333311

9888763
8887663
8887553
7744441
3333311

9988753
8877653
8776553
7744441
3333311

9988753
8877653
8776543
7744441
3333311

9777773
8777663
7775543
7744441
3333311

9777653
8776553
7775543
7744441
3333311

9986653
8886653
8666533
7665533
3333311

9988733
8887633
7665533
7665431
3333311

9987643
8885533
7665533
7665431
3333311

9986653
8886653
8666543
7665311
3333311

9988753
8887553
8665543
7665311
3333311

9986653
8886653
8665543
7665311
3333311

9986653
8886653
7666553
7665311
3333311

9986653
8886653
7666543
7665311
3333311

9988753
8887553
8666543
7664311
3333311

9986653
8886653
8666543
7664311
3333311

9988873
8887663
7666553
7664311
3333311

9988753
8887553
7666553
7664311
3333311

9986653
8886653
7666553
7664311
3333311

9988753
8887553
7666543
7664311
3333311

9986653
8886653
7666543
7664311
3333311

9999973
8876443
8655433
7655311
3333311

9999653
8876443
8655433
7655311
3333311

9986653
8876443
8655433
7655311
3333311

8886653
8876443
8655433
7655311
3333311

9999883
8876663
7655533
7655311
3333311

9999973
8876443
7655443
7655311
3333311

9987553
8876443
8655433
7654411
3333311

8887553
8876443
8655433
7654411
3333311

9888773
8887663
8666543
7644443
3333311

8887777
8887663
8665543
7644443
3333311

9887653
8887553
8665543
7644443
3333311

9888773
8887663
7666553
7644443
3333311

9888763
8887663
7666553
7644443
3333311

9888773
8887663
7666543
7644443
3333311

9888763
8887663
8666543
7644433
3333311

9888773
8887633
8666533
7644433
3333311

9888763
8887633
8666533
7644433
3333311

8887777
8877653
8665543
7644433
3333311

9999863
8866433
8664433
7644433
3333311

9976553
8865443
8655433
7644433
3333311

9876553
8865443
8655433
7644433
3333311

9888763
8887663
7666543
7644433
3333311

9886553
8876443
7666433
7644433
3333311

9887653
8887553
7665533
7644433
3333311

9999883
8865443
7644443
7644433
3333311

9888763
8887663
8666543
7644431
3333311

9988733
8887633
8666533
7644431
3333311

9888773
8887633
8666533
7644431
3333311

9888763
8887633
8666533
7644431
3333311

9888733
8887633
8666533
7644431
3333311

9888533
8884433
8664433
7644431
3333311

9999863
8866433
8664433
7644431
3333311

9999533
8866433
8664433
7644431
3333311

9976553
8865443
8655433
7644431
3333311

9876553
8865443
8655433
7644431
3333311

9888763
8887663
7666543
7644431
3333311

9886553
8876443
7666433
7644431
3333311

9887653
8887553
7665533
7644431
3333311

9999883
8865443
7644443
7644431
3333311

9998543
8884433
7644433
7644431
3333311

9888773
8887663
8666543
7644421
3333311

9886553
8876443
8666443
7644421
3333311

9888773
8887663
7666543
7644421
3333311

9976553
8865443
7655443
7644421
3333311

9876553
8865443
7655443
7644421
3333311

9999883
8865443
7644443
7644421
3333311

9998543
8884433
7644433
7644421
3333311

9998743
8887633
8654333
7633321
3333311

9887653
8865443
7655443
7633321
3333311

9986653
8776543
8555543
7555421
3333311

8886653
8876653
8855533
7555333
3333311

9887653
8877653
8855533
7554331
3333311

9887653
8876653
8855533
7554331
3333311

9987553
8777543
7555333
7554331
3333311

9987533
8777533
7555333
7554331
3333311

9987553
8776553
7555333
7554331
3333311

9987553
8776543
7555333
7554331
3333311

9987553
8777543
7555333
7554311
3333311

9987553
8776543
7555333
7554311
3333311

9988553
8776553
7555333
7553333
3333311

9988553
8776543
7555333
7553333
3333311

9998543
8766533
7555333
7553333
3333311

9888773
8887663
8887553
7544443
3333311

9888763
8887663
8887553
7544443
3333311

8887777
8887663
8887553
7544443
3333311

8877653
8776553
8555543
7544443
3333311

9887653
8887553
8885533
7544431
3333311

9886553
8876443
8866433
7544431
3333311

8876653
8776553
8776543
7444441
3333311

9887653
8776553
7765553
7444441
3333311

8886653
8876443
8866433
7444331
3333311

9888773
8887633
8864333
7444331
3333311

9888763
8887633
8864333
7444331
3333311

9888733
8887633
8864333
7444331
3333311

9888553
8887553
8864333
7444331
3333311

8888753
8877653
8864333
7444331
3333311

8877653
8876653
8855533
7444331
3333311

9886633
8776633
8766533
7444331
3333311

8886653
8876653
8666533
7444331
3333311

9887663
8876663
8665543
7444331
3333311

8887663
8876663
8665543
7444331
3333311

9887653
8876443
8665333
7444331
3333311

9866653
8865443
8665333
7444331
3333311

9888863
8877733
8664433
7444331
3333311

8877653
8876443
8655433
7444331
3333311

8876653
8865443
8655433
7444331
3333311

9877753
8777543
7775533
7444331
3333311

9877643
8776633
7775533
7444331
3333311

9877633
8776633
7775533
7444331
3333311

9877753
8776553
7775533
7444331
3333311

9877753
8776543
7775533
7444331
3333311

9886633
8776633
7766533
7444331
3333311

9887653
8877653
7665533
7444331
3333311

9887653
8876653
7665533
7444331
3333311

9877643
8776633
7655533
7444331
3333311

9877633
8776633
7655533
7444331
3333311

9877753
8776553
7655533
7444331
3333311

9877753
8776543
7655533
7444331
3333311

9998633
8664433
7644433
7444331
3333311

9987643
8866433
7553333
7333331
3333311

9987643
8866433
7553333
7333321
3333311

9887663
8876663
6655543
6654331
3333311

9887653
8876443
6655333
6654331
3333311

9866653
8865443
6655333
6654331
3333311

9666533
8666533
6655333
6553331
3333311

8666543
8666533
6655333
6553331
3333311

9977633
8655433
6555433
6553331
3333311

8877653
8776553
6655543
6444443
3333311

9887653
8865443
6655333
6433333
3333311

9986653
8666443
6655333
6433333
3333311

9987553
8665543
6655333
6433333
3333311

9887653
8876443
6643333
6433333
3333311

8887553
8776553
6643333
6433333
3333311

8887553
8776543
6643333
6433333
3333311

9866653
7764443
5554333
5553311
3333311

8877653
8776543
8555543
5544421
3333311

8666543
8666533
8665333
5543333
3333311

9866653
7754443
5554333
5543333
3333311

9866653
7764443
5554333
5533331
3333311

9888553
7775543
5543333
5533331
3333311

9888533
7775533
5543333
5533331
3333311

8886653
8876443
8666443
5444321
3333311

8886653
8876653
8666533
4444331
3333311

8887663
8876663
8665543
4444331
3333311

8877653
8876443
8655433
4444331
3333311

8876653
8865443
8655433
4444331
3333311

8776553
7765553
7555333
4444331
3333311

9876553
9865553
6655333
4444331
3333311

9876553
9775553
6655333
4444331
3333311

9876553
9775543
6655333
4444331
3333311

8877733
8776633
6655333
4444331
3333311

9998753
9887653
6544333
4444331
3333311

9999883
9886553
6544333
4444331
3333311

9999653
9885443
6544333
4444331
3333311

9999883
9865553
6544333
4444331
3333311

9998633
9864433
6544333
4444331
3333311

8888753
8876653
8665333
4443331
3333311

8886653
8876443
8665333
4443331
3333311

8866633
8866433
8665333
4443331
3333311

8876653
8876443
8655433
4443331
3333311

8876663
8866433
8655433
4443331
3333311

8877653
8865443
8655433
4443331
3333311

8876663
8764433
8654333
4443331
3333311

8776543
7766533
7555333
4443331
3333311

8777543
7766533
7553333
4443331
3333311

8777533
7766533
7553333
4443331
3333311

7777543
7766533
7553333
4443331
3333311

9877643
9865433
6655333
4443331
3333311

9877633
9865433
6655333
4443331
3333311

9876553
9766543
6655333
4443331
3333311

9877643
9765433
6655333
4443331
3333311

9877633
9765433
6655333
4443331
3333311

9888553
9775553
6643333
4443331
3333311

9888553
9775543
6643333
4443331
3333311

8887553
8776553
6643333
4443331
3333311

8887553
8776543
6643333
4443331
3333311

9977633
9865433
6555433
4443331
3333311

9777653
9765443
6555433
4443331
3333311

9998753
9887653
6544333
4443331
3333311

9988753
9877643
6544333
4443331
3333311

9988733
9877633
6544333
4443331
3333311

9999653
9864443
6544333
4443331
3333311

8886653
8876443
8665333
4443311
3333311

8876653
8876443
8655433
4443311
3333311

8876663
8866433
8655433
4443311
3333311

8877653
8865443
8655433
4443311
3333311

8876663
8764433
8654333
4443311
3333311

9876553
9766543
6655333
4443311
3333311

9888553
9775543
6643333
4443311
3333311

8887553
8776543
6643333
4443311
3333311

9777653
9765443
6555433
4443311
3333311

9988753
9877643
6544333
4443311
3333311

9999653
9864443
6544333
4443311
3333311

9887663
9865433
6655333
4433333
3333311

9886553
9766543
6655333
4433333
3333311

9887653
9765443
6655333
4433333
3333311

9887663
9765433
6655333
4433333
3333311

9888553
9775553
6643333
4433333
3333311

9888553
9775543
6643333
4433333
3333311

8887553
8776553
6643333
4433333
3333311

8887553
8776543
6643333
4433333
3333311

9987643
9865433
6555433
4433333
3333311

9987553
9865553
7555333
3333331
3333311

9987643
9865433
7555333
3333331
3333311

9988553
9865553
7553333
3333331
3333311

9988633
9865433
7553333
3333331
3333311

