888773
888541
877531
876331
843331
733331

888773
888541
876431
874331
843331
733331

888773
888431
876331
874331
843331
733331

888773
887651
877651
873331
843331
733331

888773
888541
877531
873331
843331
733331

888773
888541
877531
855331
843331
733331

888773
887651
866641
866311
865211
733111

888773
886651
866641
866311
865211
733111

888773
887641
866431
866311
865211
733111

888773
888661
866641
866431
864221
733111

888773
887441
866431
866221
864221
733111

886643
886541
866431
866221
864221
733111

888773
888661
866641
866311
864211
733111

888773
887651
866641
866311
864211
733111

888773
888661
866431
866311
864211
733111

888773
887641
866431
866311
864211
733111

888773
888751
866641
866221
864211
733111

888773
887441
865321
865211
864211
733111

888773
887441
865321
864221
864211
733111

888773
876661
866641
866431
855221
733111

887743
887441
885331
865321
855221
733111

887743
866641
866431
865321
855221
733111

888773
888661
886651
866221
854111
733111

888773
887651
886541
866221
854111
733111

888773
888541
886421
866221
854111
733111

888773
877651
866641
866221
854111
733111

888653
877651
866431
866221
854111
733111

888773
888661
887641
865511
854111
733111

888773
887651
887641
865511
854111
733111

888773
888661
887641
865211
854111
733111

888773
887651
887641
865211
854111
733111

888773
877621
865511
865211
854111
733111

888773
887651
886541
864221
854111
733111

888773
886651
886541
864221
854111
733111

888773
886541
886421
864221
854111
733111

888773
877651
866641
864221
854111
733111

888653
877651
866431
864221
854111
733111

888773
876431
866221
864221
854111
733111

888773
866641
866221
864221
854111
733111

888773
866431
866221
864221
854111
733111

888773
888661
888631
864211
854111
733111

888773
888661
888541
864211
854111
733111

888773
888541
888431
864211
854111
733111

888773
887651
886541
864211
854111
733111

888773
886651
886541
864211
854111
733111

888773
886541
886421
864211
854111
733111

888773
885551
884441
864211
854111
733111

888773
877661
866641
864211
854111
733111

888773
877651
866641
864211
854111
733111

888773
876661
866641
864211
854111
733111

888773
877651
866221
864211
854111
733111

888773
866641
866221
864211
854111
733111

888773
877621
865511
864211
854111
733111

888773
877621
865211
864211
854111
733111

888653
877411
865211
864211
854111
733111

888773
877321
865211
864211
854111
733111

888653
887641
855521
855311
854111
733111

888773
887641
855521
855221
854111
733111

888653
887651
855431
855221
854111
733111

888653
887441
855431
854431
854111
733111

888773
888661
887641
866311
853211
733111

888773
888661
887441
866311
853211
733111

888773
888761
887651
866221
853211
733111

888773
888751
887641
866221
853211
733111

888773
888761
888661
865511
853211
733111

888773
888761
888631
865511
853211
733111

888773
888661
888541
865511
853211
733111

888773
888761
887641
865511
853211
733111

888773
888751
887641
865511
853211
733111

888773
888661
887651
865321
853211
733111

888773
888751
888721
865211
853211
733111

888773
888761
888661
865211
853211
733111

888773
888761
888631
865211
853211
733111

888773
888761
887641
865211
853211
733111

888773
888751
887641
865211
853211
733111

887743
886421
885421
865211
853211
733111

888773
888761
886651
864221
853211
733111

888773
888431
886421
864221
853211
733111

888773
887441
886421
864221
853211
733111

886663
886541
886421
864221
853211
733111

888773
884441
884321
864221
853211
733111

888653
877321
866221
864221
853211
733111

888773
887441
886421
864211
853211
733111

888773
884441
884321
864211
853211
733111

888653
877531
866431
864211
853211
733111

886663
876311
866311
864211
853211
733111

876653
866641
866431
854431
853211
733111

888653
876653
876443
854443
844433
733111

888773
887743
875543
854443
844433
733111

888653
887651
877651
875521
844421
733111

888653
887651
877651
855521
844421
733111

888653
888631
876431
876331
844321
733111

886663
886651
876431
876331
844321
733111

888773
887641
876431
854431
844321
733111

888773
887441
876431
854431
844321
733111

888653
887651
886651
844421
844321
733111

888773
888661
877661
875521
844111
733111

888773
888661
877651
875521
844111
733111

888773
888661
877621
875521
844111
733111

888773
888631
877621
875521
844111
733111

888773
887641
877621
875521
844111
733111

888653
886541
876331
874331
844111
733111

888773
887651
866641
866221
844111
733111

888653
887651
866431
866221
844111
733111

887743
886421
866221
865211
844111
733111

887633
886421
866221
865211
844111
733111

888773
877621
865511
865211
844111
733111

888773
887651
866641
864221
844111
733111

888773
886651
866641
864221
844111
733111

888773
877651
866641
864221
844111
733111

888653
887651
866431
864221
844111
733111

888653
886651
866431
864221
844111
733111

888653
877651
866431
864221
844111
733111

888773
887641
866221
864221
844111
733111

888653
886421
866221
864221
844111
733111

888773
876431
866221
864221
844111
733111

888773
887651
866641
864211
844111
733111

888773
886651
866641
864211
844111
733111

888773
877661
866641
864211
844111
733111

888773
877651
866641
864211
844111
733111

888773
876661
866641
864211
844111
733111

888773
886541
866431
864211
844111
733111

888773
887651
866221
864211
844111
733111

888773
887641
866221
864211
844111
733111

888773
887441
866221
864211
844111
733111

888653
887441
866221
864211
844111
733111

888773
886651
866221
864211
844111
733111

888773
877651
866221
864211
844111
733111

888773
877621
865511
864211
844111
733111

888773
877621
865211
864211
844111
733111

888653
877411
865211
864211
844111
733111

888773
877321
865211
864211
844111
733111

888773
887641
877621
855521
844111
733111

888773
887651
877621
855511
844111
733111

888773
887641
877621
855511
844111
733111

888653
887641
877621
855511
844111
733111

888653
887641
877531
855331
844111
733111

888653
887641
875521
855311
844111
733111

888773
887641
877621
855221
844111
733111

888773
887641
875521
855221
844111
733111

888773
877661
875521
855221
844111
733111

888653
887441
876431
854431
844111
733111

888773
877621
876611
854111
844111
733111

888773
887641
876431
854111
844111
733111

888773
886541
876431
854111
844111
733111

888773
877661
876431
854111
844111
733111

888773
876661
876431
854111
844111
733111

888773
887641
876331
854111
844111
733111

888653
877531
876331
854111
844111
733111

888653
886511
876311
854111
844111
733111

888773
886421
876311
854111
844111
733111

888773
877621
876311
854111
844111
733111

888653
887641
875521
854111
844111
733111

888773
877661
855431
854111
844111
733111

888653
877531
855331
854111
844111
733111

888773
877621
855311
854111
844111
733111

888773
888631
876431
854431
843331
733111

888773
888431
876431
854431
843331
733111

888533
877531
876431
854431
843331
733111

888773
888661
877661
876311
843211
733111

888653
888541
877321
876311
843211
733111

888773
888761
877661
875521
843211
733111

888773
888761
877651
875521
843211
733111

888773
888761
877621
875521
843211
733111

888653
888541
876331
874331
843211
733111

888773
887651
877651
873331
843211
733111

887743
886421
865321
865211
843211
733111

888773
888751
866641
864221
843211
733111

888653
877321
866221
864221
843211
733111

888773
888761
866641
864211
843211
733111

888773
888751
866641
864211
843211
733111

888773
887441
866431
864211
843211
733111

888653
877531
866431
864211
843211
733111

888653
887311
866311
864211
843211
733111

886663
876311
866311
864211
843211
733111

888773
888761
877661
855521
843211
733111

888773
888761
877651
855521
843211
733111

888773
888761
877621
855521
843211
733111

888773
888761
877661
855511
843211
733111

888773
888751
877621
855511
843211
733111

888773
888661
877531
855511
843211
733111

888773
888661
877661
855311
843211
733111

888653
888541
877321
855311
843211
733111

888773
888761
877661
855221
843211
733111

888773
888761
877651
855221
843211
733111

888773
888761
877621
855221
843211
733111

888773
888431
877321
855221
843211
733111

888653
888541
876431
854431
843211
733111

888653
887641
876431
854431
843211
733111

886663
886651
876431
854431
843211
733111

876653
866641
866431
854431
843211
733111

888773
888761
877661
853211
843211
733111

888773
888751
877621
853211
843211
733111

888653
888631
877531
853211
843211
733111

888773
887441
877321
853211
843211
733111

888653
887641
875521
853211
843211
733111

888653
885331
874331
853211
843211
733111

877333
865321
864221
853211
843211
733111

887543
875521
855521
853211
843211
733111

887533
875521
855521
853211
843211
733111

888653
877531
855431
853211
843211
733111

888773
888661
886651
844421
843211
733111

888773
888541
886421
844421
843211
733111

886663
886541
886421
844421
843211
733111

888773
877651
866641
844421
843211
733111

888653
877651
866431
844421
843211
733111

888773
888661
886651
844321
843211
733111

888773
888661
886421
844321
843211
733111

888773
888631
886421
844321
843211
733111

888773
887641
886421
844321
843211
733111

888773
884441
884321
844321
843211
733111

888773
877651
866641
844321
843211
733111

988763
887651
866431
866311
765211
733111

988763
886651
866431
866311
765211
733111

988763
888661
866641
866221
764111
733111

988763
887641
866221
864221
764111
733111

988763
887441
866221
864221
764111
733111

988733
886421
866221
864211
764111
733111

988643
886421
866221
864211
764111
733111

988763
887311
865211
864211
764111
733111

988733
885421
864221
864211
764111
733111

988643
885421
864221
864211
764111
733111

988763
888661
866641
864221
763111
733111

988763
887641
866221
864221
763111
733111

988763
887441
866221
864221
763111
733111

988763
888661
866221
864211
763111
733111

986633
886421
866221
864211
763111
733111

988733
884321
864221
864211
763111
733111

988763
888761
885551
865511
755311
733111

988763
888751
885551
865511
755311
733111

988763
888661
886651
866431
754211
733111

988763
888661
886651
866311
754211
733111

988763
887651
886651
866311
754211
733111

988763
888661
886421
866311
754211
733111

988763
877651
866431
866311
754211
733111

988763
888751
886651
866221
754211
733111

988763
887441
886421
866221
754211
733111

988763
888761
887651
865511
754211
733111

988763
888751
887651
865511
754211
733111

988763
887651
885551
865511
754211
733111

988763
888661
887641
865321
754211
733111

988763
888661
887441
865321
754211
733111

988763
887641
885421
865321
754211
733111

988763
888761
887651
865211
754211
733111

988763
888751
887651
865211
754211
733111

988643
877321
865321
865211
754211
733111

988763
887441
886421
864221
754211
733111

988763
887441
885421
864221
754211
733111

988763
888761
888751
864211
754211
733111

988763
888761
888721
864211
754211
733111

988763
888751
888631
864211
754211
733111

988733
885421
884321
864211
754211
733111

988763
877411
866311
864211
754211
733111

988643
877321
866221
864211
754211
733111

988643
877321
865321
864211
754211
733111

988643
865321
864221
864211
754211
733111

988763
887651
855431
855331
754211
733111

988763
887651
855431
855311
754211
733111

988763
887651
886651
866221
754111
733111

988763
888661
886541
866221
754111
733111

988763
888541
886421
866221
754111
733111

988763
877661
866641
866221
754111
733111

988763
888661
887651
865511
754111
733111

988763
888661
887651
865211
754111
733111

988763
887651
885551
865211
754111
733111

988763
888661
888541
864221
754111
733111

988763
887651
886651
864221
754111
733111

988763
886541
886421
864221
754111
733111

988763
887651
885551
864221
754111
733111

988763
877661
866641
864221
754111
733111

988763
876661
866641
864221
754111
733111

988763
866641
866221
864221
754111
733111

988763
887651
886651
864211
754111
733111

988763
887651
885551
864211
754111
733111

988763
877661
866221
864211
754111
733111

988733
877621
866221
864211
754111
733111

988733
877321
866221
864211
754111
733111

988763
876661
866221
864211
754111
733111

988763
877411
865211
864211
754111
733111

988733
865321
864221
864211
754111
733111

988763
887641
855521
855221
754111
733111

988763
887651
855431
854111
754111
733111

988763
887651
855331
854111
754111
733111

988763
887651
876431
876331
744221
733111

988763
888761
877651
875521
744221
733111

988763
888631
877531
875521
744221
733111

988763
887651
876431
874331
744221
733111

988763
886651
876431
874331
744221
733111

988643
886541
866431
864221
744221
733111

988643
887641
877531
855221
744221
733111

988763
885551
884441
844421
744221
733111

988763
885331
884321
844321
744221
733111

988733
885331
884321
844321
744221
733111

988763
888443
876443
854443
743333
733111

988763
888661
877651
875521
743321
733111

988763
888631
877621
875521
743321
733111

988733
888631
877621
875521
743321
733111

988643
888541
877531
875521
743321
733111

988763
888661
877651
855521
743321
733111

988763
888631
877621
855521
743321
733111

988733
888631
877621
855521
743321
733111

988643
888541
877531
855521
743321
733111

988763
887651
876431
854431
743321
733111

988763
877651
876431
854431
743321
733111

988763
888631
886421
844421
743321
733111

988733
888631
886421
844421
743321
733111

988763
888431
886421
844421
743321
733111

988733
888431
886421
844421
743321
733111

988763
888761
877651
875521
743221
733111

988763
888631
877531
875521
743221
733111

988763
887651
876431
874331
743221
733111

988763
888751
866641
864221
743221
733111

988643
888541
866431
864221
743221
733111

988763
888431
866431
864221
743221
733111

986633
876331
866221
864221
743221
733111

988763
888761
877651
855521
743221
733111

988763
888631
877531
855521
743221
733111

988763
888761
877651
855221
743221
733111

988763
888661
886651
844421
743221
733111

988763
877651
866641
844421
743221
733111

988763
877531
866431
844421
743221
733111

988763
888661
886651
844321
743221
733111

988763
888631
886421
844321
743221
733111

988733
888631
886421
844321
743221
733111

988763
877651
866641
844321
743221
733111

988763
877651
855431
843331
743221
733111

988763
888661
866641
864221
743111
733111

988763
877661
866641
864221
743111
733111

988763
887641
866221
864221
743111
733111

988763
887441
866221
864221
743111
733111

988763
888661
866221
864211
743111
733111

986633
886421
866221
864211
743111
733111

988763
877661
866221
864211
743111
733111

988733
877621
866221
864211
743111
733111

988733
877321
866221
864211
743111
733111

988733
884321
864221
864211
743111
733111

988763
888661
877651
855511
743111
733111

988763
888661
877621
855511
743111
733111

988763
887651
876431
854111
743111
733111

988763
877651
876431
854111
743111
733111

988763
887651
876331
854111
743111
733111

988763
877651
876331
854111
743111
733111

988763
888661
877651
853211
743111
733111

988763
887651
877651
853211
743111
733111

988763
877661
877651
853211
743111
733111

988763
888661
877621
853211
743111
733111

988763
877661
877621
853211
743111
733111

988763
887651
877531
853211
743111
733111

988763
877651
877531
853211
743111
733111

988763
877661
875521
853211
743111
733111

988733
877621
875521
853211
743111
733111

988763
877661
855521
853211
743111
733111

988733
877621
855521
853211
743111
733111

988763
877661
855221
853211
743111
733111

988733
877621
855221
853211
743111
733111

988733
877321
855221
853211
743111
733111

988763
888661
886651
844111
743111
733111

988763
887651
886651
844111
743111
733111

988763
888661
886421
844111
743111
733111

988763
877651
866431
844111
743111
733111

988643
877621
866221
844111
743111
733111

988763
888661
887651
843211
743111
733111

988763
887651
885551
843211
743111
733111

987533
875521
865321
843211
743111
733111

988763
877411
865211
843211
743111
733111

988733
865321
864221
843211
743111
733111

988763
877661
855521
843211
743111
733111

988733
877621
855521
843211
743111
733111

988763
877661
855221
843211
743111
733111

988733
877621
855221
843211
743111
733111

988733
877321
855221
843211
743111
733111

988733
855521
844421
843211
743111
733111

987533
855521
844321
843211
743111
733111

988763
888443
876443
854443
733333
733111

988763
888661
887441
855431
733331
733111

988763
888661
876431
854431
733331
733111

988733
888631
876431
854431
733331
733111

988733
888431
876431
854431
733331
733111

988643
888541
877531
865321
733321
733111

988763
888661
887651
855521
733321
733111

988763
887651
876431
854431
733321
733111

988643
887441
866431
844421
733321
733111

986543
886541
866431
844421
733321
733111

988643
887641
866431
844321
733321
733111

999773
997651
996551
985531
885331
333331

999773
997651
995551
985531
885331
333331

999773
999541
999431
985331
885331
333331

999773
999431
999331
985331
885331
333331

999773
997541
996431
985331
885331
333331

999773
997541
995531
985331
885331
333331

999773
997541
995431
985331
885331
333331

999773
998651
997541
985531
883331
333331

999773
998651
996551
985531
883331
333331

999773
996631
995531
985531
883331
333331

999773
998651
997651
985331
883331
333331

999773
998551
997541
985331
883331
333331

988877
988733
986633
876431
876331
333331

988877
987433
985433
974431
874331
333331

988877
988733
986633
876431
874331
333331

988877
988733
986533
876331
874331
333331

988877
988733
986633
974431
873331
333331

988877
988733
987533
973331
873331
333331

988877
987533
987433
973331
873331
333331

988877
987533
985433
973331
873331
333331

988877
988733
987533
876331
873331
333331

988877
988733
986533
874331
873331
333331

999773
997651
996551
995531
855331
333331

999773
997651
995551
995531
855331
333331

999773
997651
996551
985531
855331
333331

999773
997651
995551
985531
855331
333331

999773
999541
999431
985331
855331
333331

999773
999431
999331
985331
855331
333331

999773
997541
996431
985331
855331
333331

999773
997541
995531
985331
855331
333331

999773
997541
995431
985331
855331
333331

999773
999541
999431
885331
855331
333331

999773
999431
999331
885331
855331
333331

999773
997541
996431
885331
855331
333331

999773
997541
995531
885331
855331
333331

999773
997541
995431
885331
855331
333331

999883
997751
986641
966631
854431
333331

988877
988733
986633
966631
854431
333331

999883
997751
986641
966431
854431
333331

999883
997651
986641
966431
854431
333331

988877
988733
986633
966431
854431
333331

988877
988643
986633
966431
854431
333331

988877
988733
986533
966431
854431
333331

999863
998861
988661
866641
854431
333331

988877
988733
986633
866431
854431
333331

988877
988643
986633
866431
854431
333331

988877
988733
986533
866431
854431
333331

988877
987533
955433
855431
854431
333331

988877
987433
985433
964433
854333
333331

988877
987433
955433
954433
854333
333331

988877
987533
975433
955433
844433
333331

988877
987533
975433
954433
844433
333331

999863
998861
988861
987541
843331
333331

999773
998651
987541
985531
843331
333331

999773
998551
987541
985331
843331
333331

999773
998651
986641
985331
843331
333331

999773
999631
987631
973331
843331
333331

999773
998651
986641
973331
843331
333331

999773
995531
985531
973331
843331
333331

999773
995431
985331
973331
843331
333331

988877
987533
975433
973331
843331
333331

999773
988651
986641
963331
843331
333331

999863
988861
966661
955441
843331
333331

988877
988733
986633
944431
843331
333331

999863
998861
988661
887441
843331
333331

999773
998551
987541
885331
843331
333331

999773
998651
986641
885331
843331
333331

999773
996431
985331
885331
843331
333331

999773
999631
987631
883331
843331
333331

999773
998651
986641
883331
843331
333331

999773
995531
985531
883331
843331
333331

999773
995431
985331
883331
843331
333331

999773
998651
988541
877531
843331
333331

999773
998651
986641
876331
843331
333331

999773
999631
987631
874331
843331
333331

999773
998551
987541
874331
843331
333331

999773
997541
985531
874331
843331
333331

999773
995531
985531
874331
843331
333331

999773
995431
985331
874331
843331
333331

999773
999631
987631
873331
843331
333331

999773
998651
986641
873331
843331
333331

999773
995531
985531
873331
843331
333331

999773
995431
985331
873331
843331
333331

988877
987533
975433
873331
843331
333331

999773
988541
966431
855331
843331
333331

988877
988763
966653
766651
764431
333331

988763
988661
966661
766541
764431
333331

988877
988733
986533
766333
754333
333331

988877
987533
955433
755333
754333
333331

988877
988763
976553
776551
744431
333331

999773
997541
996431
876331
664331
333331

999773
999541
995531
874331
664331
333331

999773
999541
995431
874331
664331
333331

988877
985433
964433
764431
664331
333331

999773
998651
998551
877531
663331
333331

999773
988651
988541
877531
663331
333331

999773
988651
986641
876331
663331
333331

999773
999541
999431
874331
663331
333331

999773
999431
999331
874331
663331
333331

999773
998651
997651
874331
663331
333331

999773
998551
997541
874331
663331
333331

999773
997541
995531
874331
663331
333331

999773
997541
995431
874331
663331
333331

999773
995531
995431
874331
663331
333331

999773
988541
985531
874331
663331
333331

999773
987541
985531
874331
663331
333331

999773
995531
995431
873331
663331
333331

999773
988651
986641
873331
663331
333331

999773
999541
999431
885331
655331
333331

999773
999431
999331
885331
655331
333331

999773
997541
996431
885331
655331
333331

999773
997541
995531
885331
655331
333331

999773
997541
995431
885331
655331
333331

999773
997541
996431
855331
655331
333331

999773
997541
995531
855331
655331
333331

999773
997541
995431
855331
655331
333331

988877
987533
975433
855431
644431
333331

988877
987533
975433
854431
644431
333331

988877
988763
976553
776551
644431
333331

988877
987533
985433
744431
644431
333331

999883
997751
986641
966631
554431
333331

988877
988733
986633
966631
554431
333331

999883
997751
986641
966431
554431
333331

999883
997651
986641
966431
554431
333331

988877
988733
986633
966431
554431
333331

988877
988643
986633
966431
554431
333331

988877
988733
986533
966431
554431
333331

988877
988733
986633
866431
554431
333331

988877
988643
986633
866431
554431
333331

988877
988733
986533
866431
554431
333331

988877
987533
955433
855431
554431
333331

988877
987533
955433
854431
554431
333331

988877
988733
986633
666431
554431
333331

988877
988643
986633
666431
554431
333331

988877
988733
986533
666431
554431
333331

988877
988763
886663
666431
554431
333331

988877
987533
886433
666431
554431
333331

988877
988763
988643
887441
876331
311111

988877
988763
988643
986411
876311
311111

988877
988763
988643
887311
876311
311111

988877
988763
988733
886511
876311
311111

988877
988733
986633
985331
874331
311111

988877
988733
986333
985331
874331
311111

988877
988733
986633
885331
874331
311111

988877
988733
986333
885331
874331
311111

988877
988763
988643
884441
873331
311111

988877
987533
986533
883331
873331
311111

988877
987433
986333
883331
873331
311111

988877
988733
985433
883331
873331
311111

988877
988763
988643
976411
866311
311111

988877
988763
988643
876311
866311
311111

988877
988763
988733
977611
865511
311111

988877
987533
987433
966431
865321
311111

988877
988733
986633
966431
865321
311111

988877
988643
986633
966431
865321
311111

988877
987533
987433
876431
865321
311111

988877
988643
986633
876431
865321
311111

988877
988733
987433
876331
865321
311111

988877
988733
986333
876331
865321
311111

988877
987533
987433
866431
865321
311111

988877
988733
986633
866431
865321
311111

988877
988763
988733
977611
865211
311111

988877
988643
987433
976211
865211
311111

988877
988643
986633
976211
865211
311111

988877
988643
987433
966211
865211
311111

988877
988643
986633
966211
865211
311111

988877
988643
987533
876311
865211
311111

988877
988643
986533
876311
865211
311111

988877
988643
987533
866311
865211
311111

988877
988643
986533
866311
865211
311111

988877
986543
986533
966521
864221
311111

988877
986543
986533
966221
864221
311111

988877
988643
987533
876331
864221
311111

988877
986633
986533
876331
864221
311111

988877
988643
987533
874331
864221
311111

988877
986543
986533
866221
864221
311111

988877
988643
987433
976211
864211
311111

988877
986543
986533
976211
864211
311111

988877
988643
987433
966211
864211
311111

988877
986543
986533
966211
864211
311111

988877
988643
987533
876311
864211
311111

988877
988643
987533
866311
864211
311111

988877
988763
986543
865511
864211
311111

988877
988763
986533
865511
864211
311111

988877
988643
986633
865211
864211
311111

988877
987533
987433
876431
855331
311111

988877
988733
987433
876331
855331
311111

988877
988733
986333
876331
855331
311111

988877
988763
986633
976411
855311
311111

988877
988643
986633
976411
855311
311111

988877
988763
987433
876311
855311
311111

988877
988763
986633
876311
855311
311111

988877
988763
986333
876311
855311
311111

988877
988763
976643
866311
855311
311111

988877
988643
976643
966221
855221
311111

988877
988763
975553
965551
855221
311111

988877
988643
987533
876331
855221
311111

988877
988643
986533
876331
855221
311111

999763
988763
986543
866443
854443
311111

999883
998743
988733
965533
854333
311111

999863
988763
988733
965533
854333
311111

999763
988763
987533
965533
854333
311111

999773
988733
987533
965533
854333
311111

999863
998743
988643
965443
854333
311111

999953
998653
988643
965443
854333
311111

999883
998653
988643
965443
854333
311111

999853
998653
988643
965443
854333
311111

999653
998653
988643
965443
854333
311111

988877
988763
976643
965443
854333
311111

988877
988643
976643
965443
854333
311111

999773
999433
987433
955433
854333
311111

999773
998633
987433
955433
854333
311111

999883
998843
987533
955333
854333
311111

999883
999773
987433
955333
854333
311111

999863
999763
987433
955333
854333
311111

999883
998743
987433
955333
854333
311111

999773
975433
955433
954433
854333
311111

999863
998743
976643
876443
854333
311111

999853
998653
976643
876443
854333
311111

999653
998653
976643
876443
854333
311111

988877
988763
988643
875443
854333
311111

999863
998743
976643
866443
854333
311111

999853
998653
976643
866443
854333
311111

999653
998653
976643
866443
854333
311111

999763
995443
965443
854443
854333
311111

988877
988643
987533
976211
854111
311111

988877
988643
987433
976211
854111
311111

988877
986543
986333
976211
854111
311111

988877
986543
986533
876311
854111
311111

988877
988763
966653
865321
854111
311111

988877
988643
965533
963311
853211
311111

988877
988643
975433
963211
853211
311111

988877
988763
988733
876611
853211
311111

988877
988763
988733
876311
853211
311111

988877
988763
988733
977611
852211
311111

988877
976643
975433
963211
852211
311111

988877
986543
965533
963211
852211
311111

988877
988643
964433
963211
852211
311111

988877
988643
975433
864211
852211
311111

988877
988643
954433
853211
852211
311111

999763
999553
997553
955433
844433
311111

999883
998843
997433
955433
844433
311111

999763
988763
987533
955433
844433
311111

999773
988733
987533
955433
844433
311111

999853
998653
976643
876643
844433
311111

988877
988733
986633
855431
844321
311111

988877
988643
986633
855431
844321
311111

988877
988733
986633
855331
844321
311111

988877
988733
986333
855331
844321
311111

988877
988643
986533
955511
844111
311111

988877
988643
986533
955211
844111
311111

988877
988643
986533
855511
844111
311111

988877
988763
986633
855311
844111
311111

988877
988643
986633
855311
844111
311111

988877
988733
975433
963331
843331
311111

988877
988733
973333
963331
843331
311111

988877
987533
987433
855431
843331
311111

988877
987533
986533
854431
843331
311111

988877
988643
975433
963211
843211
311111

988877
988643
985433
853211
843211
311111

988877
966653
965443
963211
842111
311111

988877
986543
985433
953111
842111
311111

988877
986543
964433
952111
842111
311111

988877
988643
964433
853211
842111
311111

988877
986543
986333
852211
842111
311111

988877
986543
964333
852211
842111
311111

988877
988643
986633
864211
832211
311111

988877
988643
985433
864211
832211
311111

988877
976643
975433
853211
832211
311111

988877
966653
965443
843211
832211
311111

988877
986543
986533
972221
822221
311111

988877
976643
955433
953221
822221
311111

988877
976643
975433
933221
822221
311111

988877
988643
986533
874331
822221
311111

988877
975433
955433
855431
822221
311111

988877
975433
955433
855331
822221
311111

988877
988643
965533
844321
822221
311111

999763
976553
975553
775553
765533
311111

988877
988763
987533
766511
765211
311111

988877
988763
986543
766511
765211
311111

988877
988763
986533
766511
765211
311111

988877
988643
987433
766211
765211
311111

988877
988643
986633
766211
765211
311111

988877
986543
986533
766421
764321
311111

988877
986543
986533
766321
764321
311111

988877
988643
987533
766511
764111
311111

988877
986543
986533
766511
764111
311111

988877
988643
987533
766211
764111
311111

988877
988643
987433
766211
764111
311111

988877
986543
986333
766211
764111
311111

988877
988643
986533
765211
764111
311111

988877
975553
974443
764111
763111
311111

988877
975553
965443
764111
763111
311111

988763
988643
976643
766543
755333
311111

997663
997553
976553
765533
755333
311111

999763
998743
986543
766543
754333
311111

999763
988763
987533
765533
754333
311111

988877
988763
976553
765521
754211
311111

988877
988643
954433
754211
754111
311111

988877
988763
966653
764321
752111
311111

988877
986543
975433
763111
752111
311111

988877
986543
964333
762211
752111
311111

988877
988643
955433
754211
752111
311111

999763
988763
965533
765533
743333
311111

988877
965443
964333
764321
743321
311111

988877
986543
986533
754421
743321
311111

988877
985433
975433
764431
743221
311111

988877
965443
964433
764431
743221
311111

988877
985433
975433
744431
743221
311111

988877
988763
988733
754111
743111
311111

988877
988643
986633
754211
742211
311111

988877
988643
985433
754211
742211
311111

988877
986543
975433
763111
742111
311111

988877
988643
986533
754211
742111
311111

988877
988643
985433
754211
742111
311111

988877
988643
965533
754211
742111
311111

988877
986543
964433
752111
742111
311111

988877
988763
988643
764431
733321
311111

988877
986543
986533
764431
733321
311111

988877
986543
986533
764321
733321
311111

988877
986543
986533
744431
733321
311111

988877
986543
986533
762211
732211
311111

988877
966653
965443
743221
732211
311111

988877
986543
986533
742211
732211
311111

988877
976643
975433
765211
721111
311111

988877
976643
975433
762211
721111
311111

988877
986543
964333
742211
721111
311111

988877
986543
955333
742211
721111
311111

988877
986543
964433
742111
721111
311111

988877
986543
955433
742111
721111
311111

988877
986543
954433
742111
721111
311111

988877
976643
975433
732211
721111
311111

988877
965443
953333
732211
721111
311111

988877
988763
988733
876611
666511
311111

999853
998653
988643
886643
666433
311111

988877
988763
988643
877411
665311
311111

988877
988763
987433
876311
665311
311111

988877
988763
986633
876311
665311
311111

988877
988763
986333
876311
665311
311111

988877
988763
987433
866311
665311
311111

988877
988763
986633
866311
665311
311111

988877
988763
986333
866311
665311
311111

988877
988643
987533
876331
665221
311111

988877
988643
986533
876331
665221
311111

988877
988643
987433
866221
665221
311111

988877
988643
987433
776221
665221
311111

988877
988643
986633
776221
665221
311111

988877
988733
987533
766531
665221
311111

988877
988763
986543
766531
665221
311111

988877
988733
986533
766531
665221
311111

988877
988643
987533
766321
665221
311111

988877
988643
986543
766321
665221
311111

988877
988643
986533
766321
665221
311111

988877
988643
986633
876311
665111
311111

988877
988763
986633
866311
665111
311111

988877
988643
985433
865211
665111
311111

988877
988643
987533
766511
665111
311111

988877
988643
986533
766511
665111
311111

988877
988643
987533
766211
665111
311111

988877
988643
987433
766211
665111
311111

988877
988643
986533
766211
665111
311111

988877
988643
985433
765211
665111
311111

988877
988733
987433
876331
664331
311111

988877
988763
988643
775441
664331
311111

988877
988643
987533
876311
664211
311111

988877
988643
987533
866311
664211
311111

988877
988763
986543
865511
664211
311111

988877
988763
986533
865511
664211
311111

988877
988643
986633
865211
664211
311111

988877
988643
987433
864211
664211
311111

988877
988763
987533
766511
664211
311111

988877
986543
986533
766511
664211
311111

988877
988643
987433
766211
664211
311111

988877
986543
986533
766211
664211
311111

988877
988643
986633
765211
664211
311111

988877
976553
766543
666511
664211
311111

988877
987533
986533
874331
663331
311111

988877
987433
986333
874331
663331
311111

988877
987533
986533
873331
663331
311111

988877
987433
986333
873331
663331
311111

988877
988733
985433
873331
663331
311111

988877
987533
986533
764431
663331
311111

988877
988643
986533
864211
662111
311111

988877
974443
964333
864211
662111
311111

988877
974443
964433
764111
662111
311111

988877
986543
985433
763111
662111
311111

988877
976553
965443
763111
662111
311111

988877
974443
964433
763111
662111
311111

988877
986543
986333
762211
662111
311111

988877
976643
964433
762211
662111
311111

988877
976553
775553
663331
662111
311111

988877
987533
987433
876431
655331
311111

988877
988733
987433
876331
655331
311111

988877
988733
986333
876331
655331
311111

988877
987533
777433
666431
655331
311111

988877
988643
987533
876311
655211
311111

988877
988643
986533
876311
655211
311111

988877
988763
965533
865511
655211
311111

988877
988643
975433
865211
655211
311111

988877
988763
975553
765521
655211
311111

988877
988643
975433
765211
655211
311111

988877
988643
765533
665311
655211
311111

988877
988643
986633
876311
655111
311111

988877
988763
976643
866311
655111
311111

988877
988643
975433
865211
655111
311111

988877
988643
975433
765211
655111
311111

988877
988643
965533
765211
655111
311111

988877
988643
987533
876331
654221
311111

988877
986633
986533
876331
654221
311111

988877
988643
987533
874331
654221
311111

988877
986543
986533
776521
654221
311111

988877
988643
987433
776221
654221
311111

988877
986543
986533
776221
654221
311111

988877
988763
986543
775531
654221
311111

988877
988733
986533
775531
654221
311111

988877
988763
777743
664331
654221
311111

988877
988763
988643
874331
653321
311111

988877
987533
986533
874331
653321
311111

988877
986543
986533
874331
653321
311111

988877
987433
986333
874331
653321
311111

988877
987533
986533
873331
653321
311111

988877
987433
986333
873331
653321
311111

988877
988733
985433
873331
653321
311111

988877
986543
766543
664421
653321
311111

988877
987433
766333
664331
653321
311111

988877
987433
766333
663331
653321
311111

988877
988763
988643
876311
653311
311111

988877
975553
775553
664331
653311
311111

988877
988643
955433
853211
653111
311111

988877
975553
974443
764111
653111
311111

988877
975553
775553
664331
653111
311111

988877
986543
766333
664211
653111
311111

988877
975553
775553
663331
653111
311111

988877
988643
975433
864211
642211
311111

988877
986543
965533
853211
642211
311111

988877
988643
964433
853211
642211
311111

988877
986543
986533
852211
642211
311111

988877
988643
986633
754211
642211
311111

988877
988643
985433
754211
642211
311111

988877
986543
986533
864221
633221
311111

988877
975433
964433
744431
633221
311111

988877
965443
964433
744431
633221
311111

988877
955433
954433
744431
633221
311111

988877
986543
986533
744221
633221
311111

988877
985433
955433
733331
633221
311111

988877
987433
954433
733331
633221
311111

988877
988643
986633
864221
632221
311111

988877
988643
986543
844321
632221
311111

988877
988643
986533
844321
632221
311111

988877
988643
986543
764321
632221
311111

988877
988643
986533
764321
632221
311111

988877
988643
986633
744221
632221
311111

988877
988643
985433
744221
632221
311111

988877
976643
965443
743221
632221
311111

988877
988643
964433
853211
611111
311111

988877
965443
955333
853211
611111
311111

988877
986543
964333
852211
611111
311111

988877
965443
953333
852211
611111
311111

988877
976553
974443
842111
611111
311111

988877
966653
965443
832211
611111
311111

988877
976643
965533
765211
611111
311111

988877
975553
965443
763111
611111
311111

988877
986543
965533
755311
611111
311111

988877
986543
964433
752111
611111
311111

988877
976643
975433
742211
611111
311111

988877
976553
974443
742111
611111
311111

988877
966653
965443
732211
611111
311111

988877
965443
954433
721111
611111
311111

988877
976553
766553
663331
611111
311111

988877
986543
765533
655511
611111
311111

988877
965443
755333
655211
611111
311111

988877
988643
986633
976621
555421
311111

988877
988643
976643
966221
555221
311111

988877
988763
975553
965551
555221
311111

988877
988643
987533
876331
555221
311111

988877
988643
986533
876331
555221
311111

988877
988643
975433
665221
555221
311111

988877
988643
965443
665221
555221
311111

988877
988643
875443
665221
555221
311111

988877
988643
965533
963311
553211
311111

988877
988643
975433
963211
553211
311111

988877
988763
988733
876611
553211
311111

988877
988763
988733
876311
553211
311111

988877
988643
955433
853211
553211
311111

988877
976643
876433
664211
553211
311111

988877
975553
875543
664211
553211
311111

988877
988763
975433
963311
543311
311111

988877
988763
973333
963311
543311
311111

988877
988763
888653
654421
543311
311111

988877
988763
985433
653311
543311
311111

988877
988763
965443
653311
543311
311111

988877
986543
876433
644411
543311
311111

988877
966653
965443
963211
542111
311111

988877
986543
985433
953111
542111
311111

988877
986543
964433
952111
542111
311111

988877
988643
964433
853211
542111
311111

988877
986543
986333
852211
542111
311111

988877
986543
964333
852211
542111
311111

988877
988643
975433
664211
542111
311111

988877
988643
876433
664211
542111
311111

988877
986543
876433
662111
542111
311111

988877
986543
965533
653311
542111
311111

988877
986543
985433
653111
542111
311111

988877
988643
964433
553211
542111
311111

988877
987533
986533
963331
533321
311111

988877
987433
986333
963331
533321
311111

988877
988733
985433
963331
533321
311111

988877
987533
986533
944431
533321
311111

988877
986543
986533
944431
533321
311111

988877
986543
986533
844421
533321
311111

988877
986543
986533
844321
533321
311111

988877
965443
964333
844321
533321
311111

988877
987533
986533
843331
533321
311111

988877
988733
985433
843331
533321
311111

988877
986543
986533
664421
533321
311111

988877
986543
886433
664421
533321
311111

988877
988763
988643
664331
533321
311111

988877
987533
986533
664331
533321
311111

988877
986543
986533
664331
533321
311111

988877
987433
986333
664331
533321
311111

988877
988763
888443
664331
533321
311111

988877
987533
986533
663331
533321
311111

988877
987433
986333
663331
533321
311111

988877
988733
985433
663331
533321
311111

988877
987533
986533
644431
533321
311111

988877
986543
986533
644431
533321
311111

988877
987533
886433
644431
533321
311111

988877
986543
886433
644431
533321
311111

988877
986533
886433
644431
533321
311111

988877
988643
985433
963211
533111
311111

988877
986543
986333
864211
533111
311111

988877
974443
973333
853211
533111
311111

988877
975553
965443
844111
533111
311111

988877
988643
985433
843211
533111
311111

988877
986543
986333
664211
533111
311111

988877
988643
888533
664211
533111
311111

988877
975553
875543
653321
533111
311111

988877
975553
875543
653311
533111
311111

988877
975553
875443
653111
533111
311111

988877
974443
973333
553211
533111
311111

988877
976643
975433
963211
522211
311111

988877
976643
955433
853211
522211
311111

988877
986543
965533
843211
522211
311111

988877
988643
964433
843211
522211
311111

988877
988643
954433
843211
522211
311111

988877
975553
875543
665221
522211
311111

988877
976553
875543
633221
522211
311111

988877
976643
955433
553211
522211
311111

988877
986543
965533
955511
511111
311111

988877
965443
955333
955211
511111
311111

988877
965443
955433
953111
511111
311111

988877
986543
964433
952111
511111
311111

988877
966653
965443
932221
511111
311111

988877
965443
953333
922211
511111
311111

988877
988643
964433
853211
511111
311111

988877
965443
955333
853211
511111
311111

988877
986543
964333
852211
511111
311111

988877
965443
953333
852211
511111
311111

988877
976553
974443
842111
511111
311111

988877
966653
965443
832211
511111
311111

988877
976553
965443
665111
511111
311111

988877
975553
965443
665111
511111
311111

988877
976553
965443
662111
511111
311111

988877
986543
965533
655511
511111
311111

988877
965443
955333
655211
511111
311111

988877
965443
955433
655111
511111
311111

988877
965443
955433
653111
511111
311111

988877
976643
975433
642211
511111
311111

988877
966653
965443
632221
511111
311111

988877
988643
964433
553211
511111
311111

988877
965443
955333
553211
511111
311111

988877
986543
766333
553211
511111
311111

988877
965443
755333
553211
511111
311111

988877
976553
974443
542111
511111
311111

988877
976553
766543
533321
511111
311111

988877
975553
965443
533111
511111
311111

988877
965443
953333
522211
511111
311111

988877
965443
743333
522211
511111
311111

988877
987433
886433
854431
443221
311111

988877
987433
876433
843331
443221
311111

988877
987433
844433
843331
443221
311111

988877
987433
876433
764431
443221
311111

988877
987433
876433
744431
443221
311111

988877
985433
844433
744431
443221
311111

988877
988643
875543
743321
443221
311111

988877
988643
875443
743221
443221
311111

988877
975553
875543
865511
422111
311111

988877
975553
875543
865321
422111
311111

988877
974443
854333
853211
422111
311111

988877
976643
876433
832211
422111
311111

988877
966653
854443
832211
422111
311111

988877
975553
875543
765521
422111
311111

988877
976553
875443
763111
422111
311111

988877
976643
876433
762211
422111
311111

988877
974443
854333
754211
422111
311111

988877
976553
854443
752111
422111
311111

988877
986543
854333
742211
422111
311111

988877
976553
875543
733321
422111
311111

988877
976643
876433
732211
422111
311111

988877
966653
854443
732211
422111
311111

988877
987533
886433
644431
333331
311111

988877
986533
886433
644431
333331
311111

988877
988643
854443
633221
332221
311111

988877
976643
866443
632221
332221
311111

988877
976643
965443
443221
332221
311111

988877
975553
875543
665311
322111
311111

988877
975553
875443
665111
322111
311111

988877
976553
876443
662111
322111
311111

988877
975553
875443
662111
322111
311111

988877
986543
854333
642211
322111
311111

988877
966653
854443
632221
322111
311111

988877
976553
775553
333331
322111
311111

