888666643
765544321
733331111

888666643
765544331
733331111

888766643
765444331
733331111

886665443
875444321
773311111

887666443
877543321
773311111

888766643
865444331
733331111

888766643
888664331
731111111

988666643
765544321
733331111

988666643
765544331
733331111

988766543
765443221
733331111

998665433
755544331
733331111

998766653
755444321
733331111

977765543
976544221
731111111

987665443
966644321
731111111

987766643
987444331
733331111

988666543
965544221
733331111

988666543
965544431
733331111

988666543
985544431
733331111

988666643
965544331
733331111

988666643
986544331
733331111

988766543
985444433
733331111

988766543
988743221
773311111

988766543
988764221
773311111

988776643
988654321
731111111

988776643
988766333
773311111

988776643
988766431
773311111

988776653
988654321
731111111

988865543
976544221
773311111

988865543
988644221
773311111

988866643
986544331
733331111

988866643
986554321
733331111

988866643
986554333
733331111

988866643
988664321
773311111

988876543
976554421
773311111

988876543
988554433
773311111

988876543
988653221
773311111

988876543
988666421
773311111

988877543
988665421
773311111

988877653
988665421
773311111

988886653
987655441
777333311

997776433
987433331
733331111

998665433
976444331
773311111

998665433
986544331
733331111

998766653
988664321
731111111

998766653
988744321
733331111

998774443
977744321
777333311

998865443
986554321
733331111

998865443
988654321
733331111

998866543
988554433
733331111

998866543
988644221
733331111

998866543
988644421
733331111

998866543
988653221
733331111

998875433
986544331
733331111

999866533
985544431
733331111

999876433
975553331
773311111

999876433
985543331
733331111