999983
888773
887543
877543
733331

999883
888773
887543
877543
733331

998653
888653
888533
877531
733331

999653
888653
887633
877531
733331

999983
888773
887543
877531
733331

999883
888773
887543
877531
733331

999983
888653
887533
877531
733331

999953
888653
887533
877531
733331

999653
888653
887533
877531
733331

998653
888653
888533
877333
733331

999883
888653
887533
877333
733331

999853
888653
887533
877333
733331

999653
888653
887533
877333
733331

999883
888773
886643
876443
733331

999883
888773
876643
876443
733331

999883
888773
886643
876433
733331

999983
888653
886433
876433
733331

999953
888653
886433
876433
733331

999863
888443
886433
876433
733331

999883
888773
876643
876433
733331

999883
888773
876443
876433
733331

999863
888443
876443
876433
733331

999883
888773
886643
876431
733331

999983
888653
886433
876431
733331

999953
888653
886433
876431
733331

999863
888443
886433
876431
733331

999883
888773
876643
876431
733331

999883
888773
876443
876431
733331

999863
888443
876443
876431
733331

999983
888653
876433
876431
733331

999953
888653
876433
876431
733331

999863
888443
876433
876431
733331

988877
888773
888653
875443
733331

999653
887543
875543
875443
733331

998653
887543
875543
875443
733331

998653
888653
888533
875333
733331

999863
886663
885553
875333
733331

999763
887543
875543
875333
733331

999863
886643
875543
875333
733331

999863
887743
875443
875333
733331

998653
888653
888533
874331
733331

988763
887543
887533
874331
733331

997663
886643
875543
874331
733331

988877
888773
888653
854443
733331

988763
887743
887543
854431
733331

988763
887743
887533
854431
733331

999863
876443
854443
854431
733331

999863
875443
854443
854431
733331

999863
866443
854443
854431
733331

988763
887543
887533
854333
733331

988763
887743
887543
844433
733331

988763
887743
887533
844433
733331

999883
888773
854443
844433
733331

999863
888443
854443
844433
733331

988763
876643
875333
843331
733331

999983
988643
887543
777541
733331

999953
988643
887543
777541
733331

999653
988643
887543
777541
733331

999763
988643
887543
777433
733331

999773
988763
887533
777433
733331

999763
988643
887533
777433
733331

999763
988643
887543
777431
733331

999773
988763
887533
777431
733331

999763
988643
887533
777431
733331

999763
986543
875543
775531
733331

999653
986543
875543
775441
733331

999983
986543
875443
775441
733331

999953
986543
875443
775441
733331

988877
988763
886433
754333
733331

999763
976643
854333
754333
733331

999853
976553
854333
754333
733331

999853
975553
854333
754333
733331

999863
965443
844433
744431
733331

997663
766543
765533
744431
733331

988763
976643
875333
743333
733331

999983
999853
887533
733333
733331

999953
999853
887533
733333
733331

999883
999653
887533
733333
733331

999853
999653
887533
733333
733331

999853
999553
887333
733333
733331

999863
998743
875443
733333
733331

988877
888773
886643
886433
733111

988643
887633
886433
884321
733111

988763
888533
886433
884311
733111

988763
887533
886433
884311
733111

988763
887633
887533
884111
733111

999773
888773
887543
877531
733111

999653
888653
887543
877411
733111

999763
888533
887533
877411
733111

997663
887633
887533
877411
733111

997553
887543
887533
877411
733111

999773
888773
887743
877333
733111

999883
888653
887533
877333
733111

999853
888653
887533
877333
733111

999863
888533
887533
877333
733111

999983
888653
887333
877333
733111

999953
888653
887333
877333
733111

999863
888533
887333
877333
733111

999953
888443
887333
877333
733111

997553
887543
887333
877333
733111

999763
888533
887533
877111
733111

997553
887543
887533
877111
733111

999983
888533
887333
877111
733111

999953
888653
886643
876643
733111

999953
888653
876653
876643
733111

999983
888653
886643
876611
733111

999953
888653
886643
876611
733111

999953
888653
876653
876611
733111

999983
888653
876643
876611
733111

999953
888653
876643
876611
733111

988877
888773
886663
876443
733111

999883
888773
876653
876443
733111

999883
888773
886663
876433
733111

999773
888773
886643
876433
733111

988877
888773
886643
876433
733111

999883
888653
886433
876433
733111

999853
888653
886433
876433
733111

999953
888443
886433
876433
733111

999773
888773
876643
876433
733111

999773
888653
876443
876433
733111

999983
888443
876443
876433
733111

999883
888773
886663
876431
733111

999773
888773
886643
876431
733111

999883
888653
886433
876431
733111

999853
888653
886433
876431
733111

999953
888443
886433
876431
733111

999773
888773
876643
876431
733111

999773
888653
876443
876431
733111

999983
888443
876443
876431
733111

999883
888653
876433
876431
733111

999853
888653
876433
876431
733111

999953
888443
876433
876431
733111

999773
888653
886643
876331
733111

999983
888653
886433
876331
733111

999953
888653
886433
876331
733111

999653
888653
886433
876331
733111

998653
888653
886433
876331
733111

999773
888533
886433
876331
733111

999763
888533
886433
876331
733111

998743
888533
886433
876331
733111

988763
888533
886433
876331
733111

988733
888533
886433
876331
733111

999853
888443
886433
876331
733111

999773
888653
876643
876331
733111

999983
888653
876433
876331
733111

999953
888653
876433
876331
733111

999653
888653
876433
876331
733111

998653
888653
876433
876331
733111

999773
888533
876433
876331
733111

999763
888533
876433
876331
733111

998743
888533
876433
876331
733111

999853
888443
876433
876331
733111

999763
888533
886433
876311
733111

988763
888533
886433
876311
733111

999853
888443
886433
876311
733111

999883
888773
876653
876311
733111

999773
888653
876653
876311
733111

999983
888653
876443
876311
733111

999953
888653
876443
876311
733111

999653
888653
876443
876311
733111

998653
888653
876443
876311
733111

999763
888533
876433
876311
733111

999853
888443
876433
876311
733111

999653
887543
875543
875521
733111

998653
887543
875543
875521
733111

999763
886663
885553
875443
733111

999773
887543
875543
875443
733111

999773
886663
875543
875443
733111

999773
886643
875543
875443
733111

997553
885553
875543
875443
733111

999983
887543
875543
875333
733111

999883
887543
875543
875333
733111

999863
886663
875543
875333
733111

999883
886643
875543
875333
733111

999983
886643
875443
875333
733111

998843
887633
887533
874331
733111

997553
887543
887333
874331
733111

998843
887533
887333
874331
733111

987533
887533
887333
874331
733111

999763
886663
886643
874331
733111

998653
888653
886433
874331
733111

998743
888533
886433
874331
733111

988763
888533
886433
874331
733111

988733
888533
886433
874331
733111

998633
887633
886433
874331
733111

988643
887633
886433
874331
733111

998743
887533
886433
874331
733111

988763
887533
886433
874331
733111

988733
887533
886433
874331
733111

999953
886643
886433
874331
733111

999653
886643
886433
874331
733111

999883
888653
885553
874331
733111

997553
887543
877333
874331
733111

998843
887533
877333
874331
733111

998743
887333
877333
874331
733111

998633
887333
877333
874331
733111

997433
887333
877333
874331
733111

999763
886663
876643
874331
733111

999983
886643
876443
874331
733111

998653
888653
876433
874331
733111

998743
888533
876433
874331
733111

998633
887633
876433
874331
733111

998743
887533
876433
874331
733111

999953
886643
876433
874331
733111

999653
886643
876433
874331
733111

999863
886433
876433
874331
733111

999983
888653
875333
874331
733111

999953
888653
875333
874331
733111

999863
888533
875333
874331
733111

999953
888443
875333
874331
733111

997553
887543
875333
874331
733111

997433
887333
875333
874331
733111

976553
875543
875333
874331
733111

999883
888653
885553
873331
733111

999983
888653
875333
873331
733111

999953
888653
875333
873331
733111

999863
888533
875333
873331
733111

999953
888443
875333
873331
733111

998653
888653
866443
866311
733111

999773
886643
866443
864211
733111

988877
887743
887543
854443
733111

988877
888773
886663
854443
733111

988877
887743
886643
854443
733111

988763
887633
887533
854431
733111

988733
887633
887533
854431
733111

988643
887633
887533
854431
733111

988763
887633
886433
854431
733111

988733
887633
886433
854431
733111

999773
876653
854443
854431
733111

999883
876643
854443
854431
733111

999983
876443
854443
854431
733111

999983
875543
854443
854431
733111

999983
875443
854443
854431
733111

999773
866653
854443
854431
733111

999983
866443
854443
854431
733111

988877
888773
886643
854333
733111

988763
888533
886433
854333
733111

988643
887633
886433
854333
733111

988763
887533
886433
854333
733111

999983
876643
854443
854333
733111

988763
887633
887533
854111
733111

999853
876643
854333
854111
733111

999763
876433
854333
854111
733111

999953
875543
854333
854111
733111

999863
875333
854333
854111
733111

988763
887633
887533
844433
733111

988643
887633
887533
844433
733111

988877
888773
886643
844433
733111

988763
887633
886433
844433
733111

999773
888653
854443
844433
733111

999983
888443
854443
844433
733111

999863
886663
854443
844433
733111

999763
886663
854443
844433
733111

999883
886643
854443
844433
733111

988643
887633
887533
844421
733111

976553
875543
875443
844421
733111

999983
888773
854443
844421
733111

999983
888443
854443
844421
733111

999953
888443
854443
844421
733111

999773
886663
854443
844421
733111

999883
886643
854443
844421
733111

999853
886643
854443
844421
733111

998843
887633
844433
844421
733111

998743
887633
844433
844421
733111

988643
887633
886433
844321
733111

999883
888443
854443
844321
733111

999853
888443
854443
844321
733111

999983
886643
854443
844321
733111

999953
886643
854443
844321
733111

999653
886643
854443
844321
733111

998843
887533
854333
844321
733111

998743
887333
854333
844321
733111

998443
887333
854333
844321
733111

998743
887533
844433
844321
733111

988763
887633
887533
844111
733111

999853
885553
854443
844111
733111

999983
888533
854333
844111
733111

999853
886643
854333
844111
733111

999763
886433
854333
844111
733111

999763
886433
844433
844111
733111

986543
876433
875333
843331
733111

986533
876433
875333
843331
733111

998843
887533
854333
843331
733111

998743
887333
854333
843331
733111

998633
887333
854333
843331
733111

998633
887633
844433
843331
733111

998743
887533
844433
843331
733111

999853
854443
844433
843331
733111

999953
854443
844433
843211
733111

999853
854443
844433
843211
733111

999553
854443
844433
843211
733111

999983
988763
887743
777743
733111

999773
988763
887743
777643
733111

999773
988763
887743
777641
733111

999883
988763
887743
777541
733111

999773
988763
887543
777541
733111

998843
988733
888533
777433
733111

998653
988643
888533
777433
733111

999863
988733
887633
777433
733111

999773
988733
887633
777433
733111

999763
988733
887633
777433
733111

999863
988763
887543
777433
733111

999863
988733
887533
777433
733111

999653
988643
887533
777433
733111

998843
988733
888533
777431
733111

998653
988643
888533
777431
733111

999863
988733
887633
777431
733111

999773
988733
887633
777431
733111

999763
988733
887633
777431
733111

999863
988763
887543
777431
733111

999863
988733
887533
777431
733111

999653
988643
887533
777431
733111

998843
988733
888533
777421
733111

999653
988643
887543
777421
733111

998743
988733
888533
777221
733111

999773
988763
887543
777221
733111

999773
988763
886643
776221
733111

998843
988733
886433
776221
733111

999773
988763
876643
776221
733111

998843
988733
876433
776221
733111

998743
988733
888533
775531
733111

988763
988733
888533
775531
733111

999773
986543
875543
775441
733111

998653
988643
866443
766321
733111

999983
986543
866443
764431
733111

998653
988643
866443
764321
733111

986543
986533
886433
754421
733111

999883
976643
854443
754421
733111

999853
976643
854443
754421
733111

999983
965443
854443
754421
733111

999953
965443
854443
754421
733111

988877
988763
886663
754333
733111

988763
988733
886433
754333
733111

988763
987533
886433
754333
733111

999983
976643
854443
754333
733111

999953
976643
854333
754333
733111

999853
976553
854333
754333
733111

999853
975553
854333
754333
733111

999983
966653
854333
754333
733111

999953
966653
854333
754333
733111

999863
965533
854333
754333
733111

999953
965443
854333
754333
733111

998743
964333
854333
754333
733111

997553
766543
755333
754333
733111

988763
988733
888533
754211
733111

988763
987533
887533
754211
733111

999773
976643
854443
754211
733111

999983
975433
854333
754211
733111

999953
965443
854333
754211
733111

966653
766553
766543
754211
733111

988763
987533
887533
754111
733111

988763
987433
887333
754111
733111

988763
987433
886433
754111
733111

999853
976553
854443
754111
733111

999853
975553
854443
754111
733111

999853
976643
854333
754111
733111

999763
975433
854333
754111
733111

999983
965533
854333
754111
733111

988763
777433
754333
754111
733111

999953
766543
754333
754111
733111

999863
766333
754333
754111
733111

999983
765533
754333
754111
733111

988763
987533
887533
744431
733111

988733
987533
887533
744431
733111

988763
987433
886433
744431
733111

988733
987433
886433
744431
733111

986543
986533
886433
744431
733111

999883
988643
854443
744431
733111

999983
986543
854443
744431
733111

998743
987433
844433
744431
733111

999863
986633
844433
744431
733111

999773
986633
844433
744431
733111

999763
986633
844433
744431
733111

999953
986543
844433
744431
733111

999553
986543
844433
744431
733111

999773
985433
844433
744431
733111

999763
985433
844433
744431
733111

999953
965443
844433
744431
733111

998743
964433
844433
744431
733111

998743
954433
844433
744431
733111

997553
766553
765533
744431
733111

997553
766543
765533
744431
733111

988643
987533
887533
744221
733111

998843
987433
844433
744221
733111

998843
964433
844433
744221
733111

998843
954433
844433
744221
733111

988877
976553
875543
743333
733111

998843
987533
854333
743333
733111

976643
964333
854333
743333
733111

998743
987533
844433
743333
733111

998843
987433
844433
743333
733111

999863
964433
844433
743333
733111

999863
954433
844433
743333
733111

976553
766543
755333
743333
733111

976643
766333
755333
743333
733111

998843
987533
854333
743321
733111

976643
964333
854333
743321
733111

998743
987533
844433
743321
733111

998843
987433
844433
743321
733111

976643
766333
755333
743321
733111

998843
765533
743333
743321
733111

998743
755333
743333
743321
733111

998443
755333
743333
743321
733111

995443
755333
743333
743321
733111

998843
987433
844433
743221
733111

999763
964433
844433
743111
733111

999763
954433
844433
743111
733111

999883
999653
887533
733333
733111

999853
999653
887533
733333
733111

999983
999553
887533
733333
733111

999953
999553
887533
733333
733111

999883
999553
887533
733333
733111

999853
999553
887533
733333
733111

999983
999653
887333
733333
733111

999953
999653
887333
733333
733111

999853
999553
887333
733333
733111

999883
998653
885553
733333
733111

999983
998653
875333
733333
733111

999953
998653
875333
733333
733111

999953
998443
875333
733333
733111

998843
987533
854333
733333
733111

986543
964433
854333
733333
733111

999883
999653
887533
733331
733111

999853
999653
887533
733331
733111

999983
999553
887533
733331
733111

999953
999553
887533
733331
733111

999883
999553
887533
733331
733111

999853
999553
887533
733331
733111

999983
999653
887333
733331
733111

999953
999653
887333
733331
733111

999853
999553
887333
733331
733111

999883
998653
885553
733331
733111

999983
998653
875333
733331
733111

999953
998653
875333
733331
733111

999953
998443
875333
733331
733111

998843
987533
854333
733331
733111

986543
964433
854333
733331
733111

986533
964433
854333
733331
733111

986633
964333
854333
733331
733111

986633
766333
755333
733331
733111

987533
765533
755333
733331
733111

985433
755333
733333
733331
733111

986633
754333
733333
733331
733111

999773
999763
887743
733321
733111

999863
998653
885553
733321
733111

999883
998443
875443
733321
733111

999853
998443
875443
733321
733111

998843
987533
854333
733321
733111

986543
964433
854333
733321
733111

888887
888773
886643
876443
333331

888887
888773
886643
876433
333331

888887
888653
888533
875333
333331

888887
888773
886643
854443
333331

888887
888653
888533
854333
333331

888887
888773
886643
844433
333331

997663
887543
877543
777433
333331

997663
887543
877543
777431
333331

999863
887743
875543
775531
333331

999763
887543
875543
775531
333331

999653
887543
875543
775441
333331

998653
887543
875543
775441
333331

999883
887743
875443
775441
333331

999853
887743
875443
775441
333331

999983
887543
875443
775441
333331

999953
887543
875443
775441
333331

999983
886643
875443
775441
333331

999953
886643
875443
775441
333331

999763
886663
766553
764431
333331

988763
887743
766543
764431
333331

999763
886643
766543
764431
333331

997663
887543
765533
764431
333331

966653
866653
765533
755333
333331

888887
888653
888533
754333
333331

988763
887543
887533
754333
333331

999763
876643
854333
754333
333331

999863
875543
854333
754333
333331

988763
887743
887543
744431
333331

988763
887743
887533
744431
333331

999883
888773
854443
744431
333331

999863
888443
854443
744431
333331

988763
887743
766543
744431
333331

988763
876643
875333
743333
333331

998653
866653
765533
743333
333331

888887
887743
866443
444443
333331

999983
986543
644443
444443
333331

999953
986543
644443
444443
333331

999853
965443
644443
444443
333331

888887
888773
876653
876443
311111

888773
888653
876443
876433
311111

888773
888653
876443
876431
311111

887543
887533
877333
876331
311111

887743
887333
877333
876331
311111

887633
887333
877333
876331
311111

888773
888653
876643
876331
311111

888773
888533
876433
876331
311111

888773
888653
876653
876311
311111

888773
887743
877543
875543
311111

888773
888653
876653
875543
311111

888653
887543
877543
875521
311111

888773
888653
876653
875521
311111

888773
887543
877543
875443
311111

888887
888773
876653
875443
311111

888887
887543
877543
875333
311111

888773
888653
876643
875333
311111

888773
888533
876433
875333
311111

888773
887533
876433
874331
311111

887743
887533
876433
874331
311111

888533
887533
875333
874331
311111

887543
886433
875333
874331
311111

887533
886433
875333
874331
311111

887543
887533
877333
873331
311111

887743
887333
877333
873331
311111

887633
887333
877333
873331
311111

888773
887533
876433
873331
311111

888533
886433
875333
873331
311111

887743
887633
887533
866431
311111

888773
887743
887543
865511
311111

888773
887743
887533
865511
311111

888653
887543
887533
865511
311111

888773
888653
866653
865511
311111

888773
888653
866653
865321
311111

888773
887743
887633
865211
311111

888773
887743
887543
865211
311111

888773
887743
887533
865211
311111

888773
887543
887533
865211
311111

888653
887543
887533
865211
311111

887743
887633
886433
864221
311111

888773
887743
886643
864211
311111

887743
877333
875333
855331
311111

887633
877333
875333
855331
311111

888773
877543
875543
854443
311111

888887
877543
875543
854333
311111

887543
876433
875333
854333
311111

885553
875543
875333
854333
311111

888773
877543
875543
854111
311111

888773
876643
875443
853211
311111

888773
887633
876433
844433
311111

887743
887633
876433
844433
311111

887543
887533
876433
844433
311111

888773
876653
854443
844433
311111

887743
887633
876433
844421
311111

887543
887533
876433
844421
311111

887743
887533
876433
844321
311111

888443
887333
875333
844321
311111

887543
886433
875333
844321
311111

888653
876643
854443
844321
311111

887543
876433
854333
844321
311111

888773
887743
876643
844111
311111

888773
887543
875543
844111
311111

887543
887533
877333
843331
311111

887743
887333
877333
843331
311111

887633
887333
877333
843331
311111

888773
887533
876433
843331
311111

888533
886433
875333
843331
311111

887743
877333
854333
843331
311111

887633
877333
854333
843331
311111

887743
875333
854333
843331
311111

887633
875333
854333
843331
311111

888773
887743
876643
843211
311111

888653
885553
875543
843211
311111

888773
886643
875443
843211
311111

888773
887543
877543
842111
311111

888653
887543
877543
822221
311111

887743
887633
876433
822221
311111

887543
876433
844433
822221
311111

988763
888653
876653
776551
311111

988763
888653
876653
776521
311111

888773
888653
876653
776521
311111

988763
888653
876653
775553
311111

888773
888653
876643
775531
311111

888773
887543
877543
775441
311111

888773
888653
886643
766531
311111

887743
887633
887533
766421
311111

887543
887533
887333
766333
311111

988877
888773
886643
766333
311111

888773
888653
886643
766333
311111

988763
888533
886433
766333
311111

888773
888533
886433
766333
311111

887543
887533
887333
766321
311111

888773
888443
886433
766111
311111

888653
887543
887533
765533
311111

888773
888653
886643
765533
311111

988763
888653
866653
765521
311111

888773
888653
866653
765521
311111

888773
887743
887633
765211
311111

888773
887743
887543
765211
311111

888773
887743
887533
765211
311111

888773
887543
887533
765211
311111

888653
887543
887533
765211
311111

888773
888653
887543
764431
311111

988763
888533
887533
764431
311111

988733
888533
887533
764431
311111

888773
888533
887533
764431
311111

988763
887633
886433
764431
311111

988733
887633
886433
764431
311111

888773
887633
886433
764431
311111

887743
887633
886433
764431
311111

987533
887533
886433
764431
311111

888533
887533
886433
764431
311111

887543
887533
886433
764431
311111

988763
887633
765533
764431
311111

988733
887633
765533
764431
311111

988643
887633
765533
764431
311111

988763
887533
765533
764431
311111

988733
887533
765533
764431
311111

988643
887633
886433
764321
311111

887743
887533
886433
764321
311111

876653
876643
875443
764321
311111

877543
876433
875333
764321
311111

988643
887333
766333
764321
311111

988763
888533
887533
764111
311111

888773
887743
886643
764111
311111

988763
887633
765533
764111
311111

988763
887533
765533
764111
311111

888773
887743
886643
763111
311111

888773
887743
887633
762211
311111

888773
887743
887543
762211
311111

988763
888533
887533
762211
311111

888773
887743
887533
762211
311111

888773
887543
887533
762211
311111

888653
887543
887533
762211
311111

887743
877333
875333
755333
311111

997553
876443
766333
755311
311111

976553
875543
755333
755311
311111

976553
875443
755333
755311
311111

885553
875543
875443
754421
311111

997553
877543
866443
754421
311111

997553
877543
766543
754421
311111

988643
887633
765533
754421
311111

888887
877543
875543
754333
311111

988763
877333
875333
754333
311111

988643
877333
875333
754333
311111

986543
876433
875333
754333
311111

887543
876433
875333
754333
311111

885553
875543
875333
754333
311111

877543
876433
854333
754333
311111

975553
875543
854333
754333
311111

988763
887333
766333
754333
311111

988643
887333
766333
754333
311111

997553
877543
766333
754333
311111

998743
877333
766333
754333
311111

975553
875543
755333
754333
311111

888773
877543
875543
754211
311111

988763
887533
765533
754211
311111

998653
877543
765533
754211
311111

888773
877543
875543
754111
311111

988763
887633
765533
754111
311111

988763
887533
765533
754111
311111

997553
875543
765533
754111
311111

997553
877543
765533
752111
311111

997553
875543
765533
752111
311111

988763
887633
876433
744431
311111

988733
887633
876433
744431
311111

888773
887633
876433
744431
311111

887743
887633
876433
744431
311111

987533
887533
876433
744431
311111

888533
887533
876433
744431
311111

887543
887533
876433
744431
311111

888773
876653
854443
744431
311111

998743
876433
844433
744431
311111

999553
875543
844433
744431
311111

999953
875443
844433
744431
311111

998743
887633
765533
744431
311111

998633
887633
765533
744431
311111

998743
887533
765533
744431
311111

997553
885553
765533
744431
311111

887743
887633
876433
744221
311111

888653
887543
875543
744221
311111

998843
876433
844433
744221
311111

998653
887543
766543
744221
311111

998743
887533
765533
744221
311111

887543
887533
877333
743333
311111

887743
887333
877333
743333
311111

988643
887633
876433
743333
311111

988763
887533
876433
743333
311111

888773
887533
876433
743333
311111

887743
877333
854333
743333
311111

986543
876433
854333
743333
311111

887743
875333
854333
743333
311111

999653
876653
844433
743333
311111

999653
876643
844433
743333
311111

999853
876443
844433
743333
311111

999863
876433
844433
743333
311111

998843
887533
766333
743333
311111

998743
887333
766333
743333
311111

988763
877333
766333
743333
311111

988643
877333
766333
743333
311111

999883
885553
765533
743333
311111

999853
885553
765533
743333
311111

988763
875333
755333
743333
311111

988643
875333
755333
743333
311111

986543
876433
754333
743333
311111

766553
766543
754333
743333
311111

777743
755333
754333
743333
311111

777643
755333
754333
743333
311111

887543
887533
877333
743321
311111

887743
887333
877333
743321
311111

988643
887633
876433
743321
311111

888653
886643
875443
743321
311111

887743
877333
854333
743321
311111

986543
876433
854333
743321
311111

887743
875333
854333
743321
311111

998843
887533
766333
743321
311111

998743
887333
766333
743321
311111

998443
887333
766333
743321
311111

988643
877333
766333
743321
311111

988643
875333
755333
743321
311111

986543
876433
754333
743321
311111

777743
755333
754333
743321
311111

777643
755333
754333
743321
311111

998743
875333
743333
743321
311111

998443
875333
743333
743321
311111

995443
875333
743333
743321
311111

995443
854333
743333
743321
311111

887543
886433
876433
743221
311111

988763
885553
775553
743221
311111

998653
887543
766543
743221
311111

888773
887743
876643
743111
311111

888773
886643
875543
743111
311111

988763
886433
875333
743111
311111

997553
877543
844433
743111
311111

999773
876443
844433
743111
311111

999763
876433
844433
743111
311111

997553
875543
844433
743111
311111

988763
876433
755333
743111
311111

999853
876643
743333
743111
311111

999763
876433
743333
743111
311111

999863
854333
743333
743111
311111

999763
844433
743333
743111
311111

888773
887743
877543
742211
311111

888773
887543
877543
742211
311111

997553
876443
844433
742211
311111

999853
854443
844433
742211
311111

999553
854443
844433
742211
311111

988763
887633
777433
742211
311111

999953
888443
766333
742211
311111

997663
887533
765533
742211
311111

888773
887543
877543
742111
311111

999773
854443
844433
742111
311111

999983
888773
766553
742111
311111

999773
888653
766553
742111
311111

999983
888533
766333
742111
311111

997553
887543
765533
742111
311111

976553
875543
765533
742111
311111

999863
854333
743333
742111
311111

999763
844433
743333
742111
311111

997553
887543
877333
733333
311111

998743
887533
876433
733333
311111

999853
885553
875333
733333
311111

997663
887633
777433
733333
311111

998743
854333
754333
733333
311111

988763
854333
754333
733333
311111

988643
854333
754333
733333
311111

999953
866443
743333
733333
311111

997553
887543
877333
733331
311111

997433
887333
877333
733331
311111

998633
887633
876433
733331
311111

998743
887533
876433
733331
311111

999853
885553
875333
733331
311111

997663
887633
777433
733331
311111

987533
876433
766333
733331
311111

998743
854333
754333
733331
311111

998633
854333
754333
733331
311111

988763
854333
754333
733331
311111

988733
854333
754333
733331
311111

988643
854333
754333
733331
311111

975433
875333
743333
733331
311111

999953
866443
743333
733331
311111

975433
854333
743333
733331
311111

985433
854333
733333
733331
311111

955433
854333
733333
733331
311111

998743
887533
876433
733321
311111

998653
886643
875443
733321
311111

999863
885553
775553
733321
311111

998743
854333
754333
733321
311111

998443
854333
754333
733321
311111

988643
854333
754333
733321
311111

999553
885553
875543
733111
311111

999853
885553
875443
733111
311111

997553
887543
777433
733111
311111

999953
888443
876433
732211
311111

999853
888443
876433
732211
311111

999553
888443
876433
732211
311111

999953
854443
854333
732211
311111

997553
866443
844433
732211
311111

999953
854443
754333
732211
311111

888773
887543
875543
721111
311111

888773
877543
875543
721111
311111

888773
875443
844433
721111
311111

999853
887743
765533
721111
311111

999763
887633
765533
721111
311111

999773
887543
765533
721111
311111

999553
887543
765533
721111
311111

999763
887533
765533
721111
311111

988763
876433
743333
721111
311111

988763
886433
733333
721111
311111

988763
888533
666433
665311
311111

887543
886433
666433
665221
311111

888773
888443
666433
665111
311111

888773
887743
666643
664441
311111

887743
887633
666433
664421
311111

887543
887533
666433
664421
311111

988643
887633
666433
664331
311111

988763
887533
666433
664331
311111

988733
887533
666433
664331
311111

888773
887533
666433
664331
311111

887743
887533
666433
664331
311111

888773
887743
666643
664211
311111

988763
887633
666433
664211
311111

988643
887633
666433
663331
311111

988763
887533
666433
663331
311111

988733
887533
666433
663331
311111

888773
887533
666433
663331
311111

997553
876443
666433
655211
311111

887743
887633
666433
654421
311111

887543
887533
666433
654421
311111

887743
887633
666433
654221
311111

988643
887633
666433
653321
311111

888773
887743
666433
653311
311111

888773
887543
666433
653311
311111

988763
887533
666433
653311
311111

888773
887743
666643
653111
311111

998843
887633
666433
644431
311111

998743
887633
666433
644431
311111

997553
887543
666433
644431
311111

999983
875443
644443
644431
311111

997553
887543
666433
644411
311111

999773
875443
644443
644411
311111

999773
854443
644443
644411
311111

999953
888443
666433
642211
311111

999853
888443
666433
642211
311111

999553
888443
666433
642211
311111

887543
876433
666433
633221
311111

888773
876643
875443
553211
311111

888773
887743
876443
543311
311111

888773
887543
876443
543311
311111

888773
887743
876433
543311
311111

888773
887543
876433
543311
311111

888773
877543
866443
543311
311111

888773
887543
877543
542111
311111

888773
887743
877543
522211
311111

888773
887543
877543
522211
311111

888773
887743
876643
444443
311111

888773
887543
875543
444443
311111

888773
876643
854443
444443
311111

887743
887633
876433
444421
311111

887543
887533
876433
444421
311111

998743
987433
666433
444421
311111

887743
777433
666433
444421
311111

999553
875543
444443
444421
311111

999983
875443
444443
444421
311111

999953
875443
444443
444421
311111

887543
886433
876433
443221
311111

998843
987433
666433
443221
311111

887543
876433
666433
443221
311111

877543
876433
666433
443221
311111

999983
876443
444443
443221
311111

999953
876443
444443
443221
311111

999853
876443
444443
443221
311111

888773
887543
877543
422111
311111

998743
987533
876433
333331
311111

998843
987433
876433
333331
311111

997663
986633
876433
333331
311111

998843
986533
875333
333331
311111

998743
986333
875333
333331
311111

998633
986333
875333
333331
311111

987533
965533
854333
333331
311111

988763
964333
854333
333331
311111

988733
964333
854333
333331
311111

988643
964333
854333
333331
311111

987533
955433
854333
333331
311111

997433
955333
854333
333331
311111

987433
955333
854333
333331
311111

998743
955333
755333
333331
311111

998633
955333
755333
333331
311111

987533
965533
754333
333331
311111

988763
964333
754333
333331
311111

988733
964333
754333
333331
311111

988643
964333
754333
333331
311111

987533
955433
754333
333331
311111

997433
955333
754333
333331
311111

987433
955333
754333
333331
311111

999763
964333
743333
333331
311111

999433
964333
743333
333331
311111

975433
955333
743333
333331
311111

999763
964333
733333
333331
311111

999433
964333
733333
333331
311111

985433
955333
733333
333331
311111

987433
953333
733333
333331
311111

999773
988763
876643
332221
311111

998843
997433
844433
332221
311111

998843
988733
777433
332221
311111

998843
987433
777433
332221
311111

988763
987433
877333
322111
311111

999773
998743
876643
322111
311111

999953
998843
876433
322111
311111

999853
998843
876433
322111
311111

999773
998443
876433
322111
311111

988763
987433
777433
322111
311111

