9888773
8885333
8864333
7733311

9888773
8884433
8864333
7733311

9887653
8877653
8855533
7733311

9988753
8885333
8864333
7333331

9988753
8884433
8864333
7333331

8887553
8866433
8664433
7333331

8876653
8776543
8555543
7333331

9988753
8888753
8866433
7331111

9988873
8887633
8866433
7331111

9988753
8887553
8866433
7331111

9988873
8866433
8864333
7331111

8887553
8865443
8664433
7331111

9887653
9877633
7655533
3333331

9888553
9654433
7644433
3333331

9888887
8865443
8664433
3333311

9888553
8865443
8664433
3333311

9886553
8876443
8655433
3333311

9876553
8876443
8655433
3333311

9877753
8876443
8654333
3333311

9887653
9877643
7655533
3333311

9886553
9875443
7655443
3333311

9876553
9875443
7655443
3333311

9888553
9654443
7644443
3333311

9888553
9654443
7644433
3333311

