9887663
9877541
7773331

9888863
9876553
7773331

9888763
9875443
7773331

9987643
9777541
7773331

9887663
9887441
7733311

9887653
9887441
7733311

9887663
9887431
7733311

9888763
9885443
7733311

9887663
9884431
7733311

9888763
9865433
7733311

9888443
9865433
7733311

9888763
9865333
7733311

9888443
9865333
7733311

9887663
9864443
7733311

9887653
9864443
7733311

9887663
9864433
7733311

9887663
9854431
7733311

9988753
9765443
7733311

9986653
9765443
7733311

9888763
9765443
7733311

9986443
9765433
7733311

9888763
9765433
7733311

9888443
9765433
7733311

9998753
9755441
7733311

9986653
9755441
7733311

9997753
9754321
7733311

9987443
9754321
7733311

9986443
9754321
7733311

9864443
9754321
7733311

9974443
9744331
7733311

9864443
9744331
7733311

9864433
9744331
7733311

8876443
8775331
7733311

8888753
8765321
7733311

8887663
8764433
7733311

8884433
8764331
7733311

9877643
7774433
7733311

9888443
7765321
7733311

9887663
7764443
7733311

9887653
7764443
7733311

9887663
7754443
7733311

9887653
7754443
7733311

9864443
7754321
7733311

9987643
9887441
7333331

9987643
9887431
7333331

9987443
9887431
7333331

9987643
9884431
7333331

9987443
9884431
7333331

9986443
9884431
7333331

9877643
9874441
7333331

9986443
9865433
7333331

9888773
9865433
7333331

9888443
9865433
7333331

9987643
9864443
7333331

9987643
9864433
7333331

9987443
9864433
7333331

9986443
9864433
7333331

9997643
9854431
7333331

9987643
9854431
7333331

9987443
9854431
7333331

9986443
9854431
7333331

9986443
9555433
7333331

9987643
9554431
7333331

9987443
9554431
7333331

9986443
9554431
7333331

8876443
7644433
7333331

8876443
7644431
7333331

8876443
7544431
7333331

9988733
9888631
7331111

9988633
9888631
7331111

9988753
9888521
7331111

9987643
9886633
7331111

9987643
9886621
7331111

9977633
9876331
7331111

9877643
9876331
7331111

9877633
9876331
7331111

9877643
9875321
7331111

9987643
9866431
7331111

9987533
9866431
7331111

9887663
9866431
7331111

9886633
9866431
7331111

9987643
9865433
7331111

9887663
9865433
7331111

9987643
9865333
7331111

9985433
9864331
7331111

9886633
9864331
7331111

9999533
9854431
7331111

9966533
9854431
7331111

9765443
9754321
7331111

9765433
9744331
7331111

9887653
9655421
7331111

9886633
9654331
7331111

9865433
9654331
7331111

9987643
9555433
7331111

9966533
9554431
7331111

9966643
9554333
7331111

9766543
9444221
7331111

8877733
8876531
7331111

8877653
8876443
7331111

8876653
8876443
7331111

8876443
8873321
7331111

8887663
8866633
7331111

8886653
8866441
7331111

8887663
8866433
7331111

8887663
8865431
7331111

8887633
8865431
7331111

8887553
8865421
7331111

8887633
8865331
7331111

8887663
8655433
7331111

8887553
8655421
7331111

8887633
8655331
7331111

8866633
8644331
7331111

8866433
8644331
7331111

9765443
7754321
7331111

9766543
7743221
7331111

8776543
7743221
7331111

9887653
7655443
7331111

9876553
7644421
7331111

8876443
7633321
7331111

9987643
7555421
7331111

9987553
7555421
7331111

9987643
7555333
7331111

9987643
7555321
7331111

9987443
7555321
7331111

9985433
7554331
7331111

9966643
7554331
7331111

9966433
7554331
7331111

9865433
7554331
7331111

8866633
7554331
7331111

8866433
7554331
7331111

9966533
7544431
7331111

9666533
7544431
7331111

8666543
7544431
7331111

8666533
7544431
7331111

9765433
7444331
7331111

9766543
7443221
7331111

9888763
8865443
3333331

9888773
8865431
3333331

9888443
8865431
3333331

9888763
8865443
3333311

9888763
8865431
3333311

9888733
8865431
3333311

9888443
8865431
3333311

9886633
8865431
3333311

9888443
8865421
3333311

9888763
8865331
3333311

9888733
8865331
3333311

9888443
8865331
3333311

8886653
8655421
3333311

9887663
8654431
3333311

8887663
8654431
3333311

8887633
8654431
3333311

8866433
8654431
3333311

9864443
8654333
3333311

9864443
8644331
3333311

9864433
8644331
3333311

8876443
8644331
3333311

9986653
8555441
3333311

9986443
8555321
3333311

9987643
8554421
3333311

9987443
8554421
3333311

9986443
8554421
3333311

7764443
7444331
3333311

8876443
6544333
3333311

9864443
5554333
3333311

9864443
5554331
3333311

9864433
5554331
3333311

9864443
5554321
3333311

