12344477
13345679
13345889
13446899
33799999

12344677
13345679
13345889
13446899
33799999

12344477
13345679
13345889
13448899
33799999

12344677
13345679
13345889
13448899
33799999

12244577
13346779
13448899
13448999
33799999

12223577
13333679
13444999
13456999
33799999

12222257
13334569
13444999
13456999
33799999

12223457
13334999
13444999
13456999
33799999

12223577
13335779
13445899
13456999
33799999

12222257
13333499
13446899
13458899
33799999

12222257
13334569
13448899
13458899
33799999

12222557
13334569
13448899
13458899
33799999

12344677
13356779
13356799
13467899
33799999

12344477
13355677
13357889
13467899
33799999

12344677
13355677
13357889
13467899
33799999

12225677
13345679
13445899
13467899
33799999

12233477
13333679
13446899
13467899
33799999

12233477
13334479
13456799
13467899
33799999

12334577
13335779
13345889
13469999
33799999

12334577
13335779
13355899
13469999
33799999

12233357
13334569
13444999
13469999
33799999

12233357
13345667
13448899
13469999
33799999

12223577
13346779
13448899
13469999
33799999

12223577
13345679
13448999
13469999
33799999

12233357
13355677
13458889
13469999
33799999

12233357
13355669
13458899
13469999
33799999

12345577
13345679
13355789
13477799
33799999

12344477
13346779
13356799
13477799
33799999

12222557
13355669
13456799
13477799
33799999

12345577
13346779
13357889
13477999
33799999

12233357
13334569
13446899
13477999
33799999

12222257
13355599
13456799
13477999
33799999

12222557
13355599
13456799
13477999
33799999

12222257
13355599
13456999
13477999
33799999

12233357
13336669
13467899
13477999
33799999

12223577
13356779
13467899
13477999
33799999

12233467
13334479
13455779
13488889
33799999

12223457
13357889
13458889
13488889
33799999

12223577
13357889
13458889
13488889
33799999

12233477
13333679
13458889
13488899
33799999

12235667
13335689
13458889
13488899
33799999

12225677
13355677
13458889
13488899
33799999

12222367
13355789
13458889
13488899
33799999

12233477
13333679
13458899
13488899
33799999

12222557
13355599
13458899
13488899
33799999

12222557
13355899
13458899
13488899
33799999

12224557
13358899
13458899
13488899
33799999

12222257
13333499
13467899
13488899
33799999

12224557
13334569
13467899
13488899
33799999

12235667
13335689
13488889
13488899
33799999

12225677
13345679
13488889
13488899
33799999

12225677
13355677
13488889
13488899
33799999

12334577
13335779
13355899
13499999
33799999

12233357
13345667
13448899
13499999
33799999

12223577
13346779
13448899
13499999
33799999

12223577
13345679
13448999
13499999
33799999

12224557
13334569
13456799
13499999
33799999

12222367
13333589
13458889
13499999
33799999

12223577
13335779
13458889
13499999
33799999

12223577
13335779
13458899
13499999
33799999

12223577
13335779
13488889
13499999
33799999

12223577
13335779
13488899
13499999
33799999

12223457
13334459
13344559
13556779
33799999

12223447
13333679
13345679
13556779
33799999

12233357
13334459
13334479
13556999
33799999

12233357
13334569
13334999
13556999
33799999

12223457
13334479
13344689
13556999
33799999

12223577
13335779
13345889
13556999
33799999

12222257
13333577
13346789
13556999
33799999

12222557
13333577
13346789
13556999
33799999

12222257
13335559
13345889
13557889
33799999

12225677
13335689
13345889
13557889
33799999

12223457
13334459
13346789
13557889
33799999

12222667
13335689
13345889
13557899
33799999

12223457
13334459
13346779
13557899
33799999

12223457
13334479
13346789
13557899
33799999

12233477
13333679
13345889
13566899
33799999

12233467
13335689
13345889
13566899
33799999

12234667
13335689
13345889
13566899
33799999

12233357
13335779
13345889
13566899
33799999

12223457
13345679
13345889
13566899
33799999

12233477
13345679
13345889
13566899
33799999

12233467
13334479
13346779
13567889
33799999

12223447
13344467
13346789
13567889
33799999

12233467
13344467
13346789
13567889
33799999

12233467
13334479
13356779
13567889
33799999

12233467
13336669
13357889
13567889
33799999

12223457
13334459
13366789
13567889
33799999

12233467
13334479
13556779
13567889
33799999

12233467
13336669
13557889
13567889
33799999

12244577
13357889
13557889
13567889
33799999

12223457
13334479
13335689
13568999
33799999

12222257
13335559
13335779
13568999
33799999

12222367
13335689
13338889
13568999
33799999

12223577
13337777
13338889
13568999
33799999

12233357
13333577
13345889
13568999
33799999

12233357
13333679
13345889
13568999
33799999

12233357
13334569
13355899
13568999
33799999

12244577
13356779
13358899
13568999
33799999

12222257
13333577
13366789
13568999
33799999

12222557
13333577
13366789
13568999
33799999

12222257
13333499
13366799
13568999
33799999

12222367
13335689
13368889
13568999
33799999

12223577
13337777
13368889
13568999
33799999

12223577
13367777
13368889
13568999
33799999

12224557
13366799
13368899
13568999
33799999

12334577
13335779
13445899
13568999
33799999

12334577
13346779
13448899
13568999
33799999

12334577
13446679
13448999
13568999
33799999

12334577
13356779
13458889
13568999
33799999

12345577
13455779
13458889
13568999
33799999

12334577
13356779
13458899
13568999
33799999

12345577
13455779
13458899
13568999
33799999

12233477
13334479
13555699
13568999
33799999

12233357
13334569
13555999
13568999
33799999

12444557
13555699
13555999
13568999
33799999

12222257
13333679
13566689
13568999
33799999

12222367
13333589
13567889
13568999
33799999

12233467
13333577
13346779
13577789
33799999

12233477
13333589
13346789
13577789
33799999

12233467
13334569
13346789
13577789
33799999

12222367
13355677
13356779
13577789
33799999

12233467
13334569
13366789
13577789
33799999

12222367
13355677
13556779
13577789
33799999

12223447
13333499
13555699
13699999
33799999

12223457
13333499
13555699
13699999
33799999

12223577
13333679
13555999
13699999
33799999

12222367
13335689
13557889
13699999
33799999

12223577
13337777
13557889
13699999
33799999

12223577
13367777
13567889
13699999
33799999

12222367
13357789
13577789
13699999
33799999

12334577
13335779
13355899
13789999
33799999

12334577
13345679
13555999
13789999
33799999

12224557
13555699
13555999
13789999
33799999

12222557
13555799
13557899
13789999
33799999

