22247
33569
35569
36779
37799

11113
12347
12377
12379
77999

11113
12277
12577
12689
77999

11113
12277
12577
12889
77999

11113
11257
14557
14669
77999

11113
12227
13577
14699
77999

11113
12347
14447
15679
77999

11113
13337
13477
16699
77999

11113
12227
12457
17789
77999

11113
12227
13367
17789
77999

11113
12227
13457
17789
77999

11117
23369
23689
23789
77999

11447
23669
23689
23789
77999

11467
23669
23689
23789
77999

11117
22349
23669
24799
77999

11117
22369
23669
24799
77999

11257
22279
23689
24799
77999

11113
22277
23677
24889
77999

11117
22229
23689
24889
77999

11117
22259
23689
24889
77999

11117
22369
23789
24889
77999

11447
22469
23789
24889
77999

11467
22469
23789
24889
77999

11117
23339
24469
25679
77999

11113
22447
24677
25679
77999

11113
23447
24677
25679
77999

11117
22469
24469
25799
77999

11447
23599
24799
25799
77999

11113
22277
24677
25889
77999

11117
22259
24889
25889
77999

11467
22669
24889
25889
77999

11467
23669
24889
25889
77999

11177
23689
24889
25889
77999

11447
23689
24889
25889
77999

11677
23689
24889
25889
77999

11117
22349
24469
25999
77999

11117
22369
24469
25999
77999

11117
23369
24469
25999
77999

11117
23339
24499
25999
77999

11117
23339
24799
25999
77999

11257
23599
24799
25999
77999

11177
22279
24889
25999
77999

11257
24469
25799
25999
77999

11257
24499
25799
25999
77999

11257
24799
25799
25999
77999

11117
23369
23669
26699
77999

11113
23447
25667
26699
77999

11117
23339
25679
26699
77999

11117
22229
22349
27779
77999

11117
22259
22369
27779
77999

11113
22247
22447
27779
77999

11117
22259
22469
27779
77999

11117
22349
22679
27779
77999

11117
22259
23369
27779
77999

11113
22247
23447
27779
77999

11117
23459
24469
27779
77999

11447
23459
25579
27779
77999

11113
23357
25667
27779
77999

11117
22349
25679
27779
77999

11447
22679
25679
27779
77999

11113
22247
22367
27799
77999

11117
22349
22669
27799
77999

11117
22369
22669
27799
77999

11117
22349
23669
27799
77999

11117
22369
23669
27799
77999

11257
22279
23689
27799
77999

11447
23599
24799
27799
77999

11113
22367
25667
27799
77999

11113
22567
25667
27799
77999

11113
23567
25667
27799
77999

11257
22259
25679
27799
77999

11117
23339
25679
27799
77999

11447
23599
25799
27799
77999

11113
34457
34667
34679
77999

12347
33349
33569
35899
77999

12377
33479
33589
35899
77999

12457
33569
33599
35899
77999

12227
33349
33679
35899
77999

12227
33359
33679
35899
77999

12277
33479
33889
35899
77999

12457
33679
33889
35899
77999

11117
33469
34469
35899
77999

11467
33589
34589
35899
77999

11257
33359
34679
35899
77999

12347
33349
35569
35899
77999

12227
33569
35569
35899
77999

12347
33349
33569
35999
77999

12227
33359
33599
35999
77999

12457
33569
33599
35999
77999

12377
33679
33889
35999
77999

11117
33349
34469
35999
77999

11257
33469
34499
35999
77999

11467
33589
34589
35999
77999

12347
33349
35569
35999
77999

12227
33359
35899
35999
77999

11447
33469
33569
36779
77999

11117
33349
33679
36779
77999

11257
33569
33679
36779
77999

11447
33469
35569
36779
77999

11113
33347
35677
36779
77999

11257
33569
33599
36899
77999

11257
33359
33679
36899
77999

11257
33479
33889
36899
77999

11117
33589
33889
36899
77999

11177
33679
33889
36899
77999

11677
33679
33889
36899
77999

12347
33349
35569
36899
77999

12227
33569
35569
36899
77999

11257
33469
35899
36899
77999

11257
33569
35899
36899
77999

11257
33599
35899
36899
77999

11117
33469
34469
37799
77999

11447
33569
34589
37889
77999

11467
33569
34589
37889
77999

11257
33589
34589
37889
77999

11447
33589
34589
37889
77999

12227
22229
34469
44699
77999

12227
22469
34469
44699
77999

12227
22259
34499
44699
77999

12227
23459
34499
44699
77999

11257
24499
34499
44699
77999

12227
22259
34679
44699
77999

12227
22279
34679
44699
77999

12227
22349
34679
44699
77999

12227
22679
34679
44699
77999

11447
24469
34589
44789
77999

11467
24469
34589
44789
77999

11117
14449
44449
44789
77999

12227
23339
33469
45569
77999

12227
23369
33469
45569
77999

12227
23339
33469
45589
77999

12227
23339
33479
45589
77999

12227
23369
33469
45599
77999

11257
22369
34499
45599
77999

11257
23369
34499
45599
77999

11257
23399
34499
45599
77999

11177
44579
45589
45599
77999

11117
22259
34469
45779
77999

11117
23459
34469
45779
77999

11113
23357
34667
45779
77999

11117
22349
34679
45779
77999

11447
22679
34679
45779
77999

11447
24469
35569
45779
77999

11257
12569
44579
45779
77999

22447
33469
45569
45779
77999

22247
33569
45569
45779
77999

12227
22259
33359
46679
77999

12227
22229
33469
46679
77999

12227
22259
33469
46679
77999

11117
23339
33469
46679
77999

12227
22279
33479
46679
77999

12227
22279
33679
46679
77999

12227
22679
33679
46679
77999

11257
23369
33679
46679
77999

11257
23669
33679
46679
77999

11113
23447
35677
46679
77999

11113
13337
45667
46679
77999

11113
13457
45667
46679
77999

11257
23459
33889
46889
77999

11177
23689
33889
46889
77999

11677
23689
33889
46889
77999

11117
11149
44449
46889
77999

11117
11239
44579
46889
77999

11117
11279
44579
46889
77999

11113
11177
44777
46889
77999

11117
11159
44789
46889
77999

11117
11369
44789
46889
77999

11177
11789
44789
46889
77999

22367
22369
45589
46889
77999

22367
22469
45589
46889
77999

22367
23369
45589
46889
77999

22367
33469
45589
46889
77999

22567
33569
45589
46889
77999

22247
33589
45589
46889
77999

22277
33589
45589
46889
77999

22247
22349
45779
46889
77999

22247
33349
45779
46889
77999

11113
22247
33347
47779
77999

11117
22229
33349
47779
77999

11113
22247
33377
47779
77999

11117
22259
33469
47779
77999

11447
22469
33569
47779
77999

11117
22349
33679
47779
77999

11117
23459
34469
47779
77999

11113
23357
34667
47779
77999

11447
22469
35569
47779
77999

22247
35569
45569
47779
77999

23333
33347
45667
47779
77999

11113
12347
45677
47779
77999

12227
44579
46679
47779
77999

11177
34589
45589
55589
77999

11117
12269
24469
55799
77999

11117
13469
24469
55799
77999

11117
12239
24499
55799
77999

11113
13337
24677
55799
77999

13337
33349
44449
55799
77999

11117
23339
44699
55799
77999

11257
23599
44699
55799
77999

13337
33359
44699
55799
77999

33347
34499
44699
55799
77999

11467
23789
44789
55799
77999

33377
34679
44789
55799
77999

12227
33569
45569
55799
77999

12457
33479
45589
55799
77999

11447
24499
45599
55799
77999

12457
33469
45599
55799
77999

11447
34499
45599
55799
77999

11113
12277
24677
55889
77999

11117
12269
24889
55889
77999

11177
12289
24889
55889
77999

11117
12569
24889
55889
77999

11177
12589
24889
55889
77999

11177
12689
24889
55889
77999

13367
33479
44579
55889
77999

11117
23369
44789
55889
77999

11177
23789
44789
55889
77999

11677
23789
44789
55889
77999

12347
23369
45589
55889
77999

12347
33469
45589
55889
77999

12277
33589
45589
55889
77999

12577
33589
45589
55889
77999

11257
34589
45589
55889
77999

14447
45569
55589
55889
77999

11117
11239
24469
56779
77999

22447
33469
35569
56779
77999

22247
33569
35569
56779
77999

11447
33469
45569
56779
77999

11113
23357
45667
56779
77999

11113
33347
45677
56779
77999

12347
22679
45779
56779
77999

12347
33679
45779
56779
77999

12227
25579
46679
56779
77999

13337
34469
46679
56779
77999

22447
33479
55579
56779
77999

11117
13339
23399
56999
77999

11117
13469
23669
56999
77999

11177
13679
23689
56999
77999

11117
11369
24469
56999
77999

11117
11239
24799
56999
77999

11177
11279
24889
56999
77999

11117
13339
25799
56999
77999

22247
33349
35569
56999
77999

22247
33599
35999
56999
77999

12347
22349
45569
56999
77999

12227
22369
45569
56999
77999

12227
23369
45569
56999
77999

12347
33349
45569
56999
77999

12227
23339
45589
56999
77999

11467
33589
45589
56999
77999

11257
23399
45599
56999
77999

12347
23399
45599
56999
77999

12227
33359
45599
56999
77999

11257
23459
45779
56999
77999

12227
23459
45779
56999
77999

12227
33479
45779
56999
77999

12227
25679
46679
56999
77999

12377
25579
46889
56999
77999

12377
25679
46889
56999
77999

13367
34589
46889
56999
77999

33377
34679
46889
56999
77999

33377
44579
46889
56999
77999

22247
33599
55799
56999
77999

22367
33589
55889
56999
77999

11113
12227
22277
57899
77999

11117
12239
22279
57899
77999

11117
12269
22669
57899
77999

11117
12239
22679
57899
77999

11117
12239
22699
57899
77999

11117
12239
23599
57899
77999

11117
12269
23669
57899
77999

11113
12227
23677
57899
77999

11117
12289
23689
57899
77999

11177
12379
23789
57899
77999

11117
12239
23899
57899
77999

11117
13469
24469
57899
77999

11117
13339
24799
57899
77999

11177
13679
24889
57899
77999

11113
12227
25577
57899
77999

11117
12239
25579
57899
77999

11117
12289
25589
57899
77999

11117
12239
25679
57899
77999

11117
13339
25799
57899
77999

11117
12289
25889
57899
77999

11117
12589
25889
57899
77999

11117
12689
25889
57899
77999

11177
13679
25889
57899
77999

11117
11119
26669
57899
77999

11117
11149
26669
57899
77999

11117
11239
26699
57899
77999

22247
33599
36899
57899
77999

22247
34499
36899
57899
77999

11257
23369
44699
57899
77999

11257
23399
44699
57899
77999

11117
23789
44789
57899
77999

33347
33349
45569
57899
77999

12227
35569
45569
57899
77999

11117
22229
45589
57899
77999

11177
22279
45589
57899
77999

12277
25579
45589
57899
77999

13337
33359
45589
57899
77999

13337
33469
45589
57899
77999

33377
33479
45589
57899
77999

11257
23599
45599
57899
77999

11447
23599
45599
57899
77999

13337
33359
45599
57899
77999

11257
33569
45599
57899
77999

11257
33599
45599
57899
77999

11447
33599
45599
57899
77999

12457
35569
45599
57899
77999

11113
22247
45667
57899
77999

11117
23339
45779
57899
77999

11257
33359
45779
57899
77999

12227
33349
46679
57899
77999

12227
33359
46679
57899
77999

12277
33479
46889
57899
77999

33377
36779
46889
57899
77999

33377
45779
46889
57899
77999

12227
22349
47779
57899
77999

23357
33359
55579
57899
77999

12377
45779
55889
57899
77999

11257
15559
46889
66889
77999

11117
15569
46889
66889
77999

12347
33349
55579
66889
77999

12347
33469
55589
66889
77999

12277
33589
55589
66889
77999

12457
33589
55589
66889
77999

22447
23689
55889
66889
77999

12277
33589
55889
66889
77999

12457
33889
55889
66889
77999

12577
33889
55889
66889
77999

11447
33469
34589
67789
77999

11467
33469
34589
67789
77999

11257
33589
34589
67789
77999

11113
33377
35677
67789
77999

11113
33577
35677
67789
77999

11117
13469
44789
67789
77999

11257
13789
44789
67789
77999

11447
13789
44789
67789
77999

11257
12589
45589
67789
77999

11447
13469
45589
67789
77999

11113
12377
45677
67789
77999

11113
13337
45677
67789
77999

11117
12479
45779
67789
77999

11117
11579
46679
67789
77999

11113
11117
47777
67789
77999

11113
11177
47777
67789
77999

11117
11119
47779
67789
77999

22247
25589
55589
67789
77999

22277
25589
55589
67789
77999

11447
33469
55589
67789
77999

11467
33469
55589
67789
77999

23447
33469
55589
67789
77999

11257
33589
55589
67789
77999

23557
33589
55589
67789
77999

22247
35569
55589
67789
77999

22567
35569
55589
67789
77999

11117
12269
12569
77899
77999

11113
12227
12577
77899
77999

11117
12589
12889
77899
77999

11117
12689
12889
77899
77999

11117
12239
12899
77899
77999

11113
12227
13577
77899
77999

11117
12269
13669
77899
77999

11117
12239
13679
77899
77999

11117
13339
14779
77899
77999

11117
12269
15569
77899
77999

11117
12239
15679
77899
77999

11117
12289
15889
77899
77999

11117
12689
15889
77899
77999

11117
11239
16699
77899
77999

12227
22369
22669
77899
77999

12227
22349
22679
77899
77999

11113
22247
23567
77899
77999

11117
22229
23689
77899
77999

11257
22469
23899
77899
77999

11447
22699
23899
77899
77999

11117
23339
24799
77899
77999

11257
23369
24799
77899
77999

11257
23399
24799
77899
77999

11117
23689
24889
77899
77999

11467
23689
24889
77899
77999

11117
22229
25579
77899
77999

11117
22229
25589
77899
77999

11113
22247
25667
77899
77999

11117
22229
25679
77899
77999

11257
22369
25799
77899
77999

11117
23339
25799
77899
77999

11257
23369
25799
77899
77999

11257
23399
25799
77899
77999

11117
22229
25889
77899
77999

11117
23689
25889
77899
77999

11467
23689
25889
77899
77999

12227
23369
26669
77899
77999

22247
23399
26699
77899
77999

12227
22349
27779
77899
77999

33347
33349
35569
77899
77999

11257
22469
35899
77899
77999

11447
22699
35899
77899
77999

11257
23599
35899
77899
77999

11447
23899
35899
77899
77999

12347
25799
35899
77899
77999

12347
23399
36899
77899
77999

12227
23459
36899
77899
77999

12347
24799
36899
77899
77999

12227
35569
45569
77899
77999

13337
33359
45589
77899
77999

13337
33469
45589
77899
77999

13337
33359
45599
77899
77999

11257
33569
45599
77899
77999

13457
33569
45599
77899
77999

11257
33599
45599
77899
77999

11447
33599
45599
77899
77999

13457
33599
45599
77899
77999

12457
35569
45599
77899
77999

11257
33359
45779
77899
77999

12227
33349
46679
77899
77999

12227
33359
46679
77899
77999

12227
25579
55579
77899
77999

13337
33479
55579
77899
77999

12457
25579
55589
77899
77999

13337
33359
55589
77899
77999

13337
33469
55589
77899
77999

11117
23339
55799
77899
77999

11257
23369
55799
77899
77999

11257
23399
55799
77899
77999

13457
33469
55799
77899
77999

11117
23689
55889
77899
77999

11467
23689
55889
77899
77999

12457
25679
55889
77899
77999

13337
33359
55889
77899
77999

13457
33679
55889
77899
77999

13567
33889
55889
77899
77999

12457
23459
56779
77899
77999

12227
33349
56779
77899
77999

12227
33359
56779
77899
77999

12457
22669
57899
77899
77999

12457
22699
57899
77899
77999

12457
26669
57899
77899
77999

12457
26699
57899
77899
77999

12457
36899
57899
77899
77999

22567
34589
66889
77899
77999

23357
36779
66889
77899
77999

23567
45589
66889
77899
77999

23357
45779
66889
77899
77999

23567
46889
66889
77899
77999

11467
11489
67789
77899
77999

11117
11789
67789
77899
77999

11113
11257
11467
11779
79999

11113
11177
11777
11789
79999

11113
11177
12277
13789
79999

11113
12277
12377
13789
79999

11113
12227
12457
13789
79999

11113
11177
12577
13789
79999

11113
12227
12377
13799
79999

11113
13337
13477
13999
79999

11113
11257
11467
14779
79999

11113
11447
11677
15679
79999

11113
11177
11677
15889
79999

11113
11177
11777
15889
79999

11113
12227
12577
16699
79999

11113
12347
15667
16699
79999

11113
12277
12577
16889
79999

11113
11177
13477
16889
79999

11113
12227
13457
17789
79999

11113
12227
12577
18899
79999

11117
22367
22369
23399
79999

11113
22247
22567
23669
79999

11117
23357
23459
23669
79999

11117
22277
22279
23689
79999

11117
22247
22349
23789
79999

11113
22247
22447
23789
79999

11117
23357
23689
23789
79999

11117
23557
23689
23789
79999

11257
23557
23689
23789
79999

11117
23567
23689
23789
79999

11117
22447
22469
23899
79999

11113
22247
22567
23899
79999

11117
22247
22669
23899
79999

11257
22367
22699
23899
79999

11257
23567
23599
23899
79999

11447
25577
25579
25679
79999

11257
25577
25589
25799
79999

11467
25577
25579
25889
79999

11113
22247
22567
26669
79999

11117
22367
22469
26699
79999

11113
22247
22567
26699
79999

11117
22367
22669
26699
79999

11117
22447
22669
26699
79999

11257
22367
22699
26699
79999

11113
22367
25667
26699
79999

11113
22447
25667
26699
79999

11117
23447
26669
26699
79999

11113
22247
23447
27779
79999

11257
22567
23599
27799
79999

11117
22367
23669
27799
79999

11117
22567
23669
27799
79999

11257
22277
23689
27799
79999

11257
22777
23789
27799
79999

11117
22447
24469
27799
79999

11117
23567
26669
27799
79999

11257
23567
26699
27799
79999

12347
33347
33359
33479
79999

11117
33457
33469
33479
79999

12227
33347
33479
33599
79999

12227
33377
33479
33599
79999

11177
33577
33589
33599
79999

12227
33457
33469
33679
79999

11117
33347
33479
33679
79999

12347
33377
33479
33679
79999

12347
33457
33479
33679
79999

11113
34457
34667
34679
79999

12377
33377
34589
35899
79999

12277
33577
34589
35899
79999

12457
33577
34589
35899
79999

12577
33577
34589
35899
79999

12227
33347
34679
35899
79999

12227
33377
34679
35899
79999

12227
33457
34499
35999
79999

12277
33377
34589
35999
79999

12377
33377
34589
35999
79999

12457
33577
34589
35999
79999

12457
33457
34679
35999
79999

12347
33457
33679
36779
79999

12227
33577
33679
36779
79999

11117
33457
34469
36779
79999

11117
33347
34679
36779
79999

12457
34667
34679
36779
79999

11113
33347
36677
36779
79999

12347
33347
33569
36899
79999

12277
33577
33589
36899
79999

12457
33577
33589
36899
79999

12577
33577
33589
36899
79999

12227
33347
33679
36899
79999

12227
33377
33679
36899
79999

12277
33577
33889
36899
79999

12577
33577
33889
36899
79999

11257
33577
34589
36899
79999

12227
33347
36779
36899
79999

12227
33377
36779
36899
79999

12457
33457
36779
36899
79999

11117
33377
36779
37889
79999

12227
22247
33349
44699
79999

12227
22247
33479
44699
79999

12227
22277
33479
44699
79999

12227
22447
33479
44699
79999

12227
22247
33679
44699
79999

12227
22277
33679
44699
79999

11467
24677
34679
44789
79999

11117
14447
44449
44789
79999

22247
33577
44579
45779
79999

12227
22277
33479
46679
79999

12227
22277
33679
46679
79999

12227
23677
33679
46679
79999

11113
23357
34667
46679
79999

12227
22277
34679
46679
79999

11117
23447
34679
46679
79999

12227
24677
34679
46679
79999

11113
22447
35677
46679
79999

11113
23447
36677
46679
79999

11113
12457
45667
46679
79999

11113
12347
45677
46679
79999

12227
23557
33589
46889
79999

11257
23557
34589
46889
79999

11467
23567
34589
46889
79999

11113
22277
35677
46889
79999

11117
13367
44789
46889
79999

23333
33347
45557
46889
79999

11117
12227
45569
46889
79999

11117
12227
45589
46889
79999

23357
33457
45589
46889
79999

11257
45557
45589
46889
79999

11113
12277
45677
46889
79999

11117
12377
45779
46889
79999

22247
33347
46679
46889
79999

11117
22247
33479
47779
79999

11117
22447
33479
47779
79999

11257
22567
33679
47779
79999

11257
22567
34679
47779
79999

11257
13567
46679
47779
79999

11113
22277
35677
48889
79999

11257
23557
37889
48889
79999

11117
23567
37889
48889
79999

11113
11177
44777
48889
79999

23357
33457
45589
48889
79999

11113
12277
45677
48889
79999

11117
12377
45779
48889
79999

11117
11257
46889
48889
79999

11257
12457
46889
48889
79999

12227
23447
33479
49999
79999

12227
23357
33599
49999
79999

12227
23677
33679
49999
79999

12227
24677
34679
49999
79999

12227
23357
35899
49999
79999

11257
22567
37799
49999
79999

11257
23567
37799
49999
79999

11177
22277
37889
49999
79999

11257
13477
44789
49999
79999

11257
13577
44789
49999
79999

12277
44777
44789
49999
79999

12377
44777
44789
49999
79999

11257
12457
47779
49999
79999

11257
13457
47779
49999
79999

11257
12377
48889
49999
79999

23357
35677
48889
49999
79999

22277
33577
34589
55799
79999

12227
23557
44579
55799
79999

12227
33577
44579
55799
79999

12227
23557
44699
55799
79999

12377
23677
44789
55799
79999

12457
33577
44789
55799
79999

11257
25577
45589
55799
79999

22247
33347
34679
55889
79999

12347
23447
44579
55889
79999

12347
33347
44579
55889
79999

12227
23357
44789
55889
79999

12227
33347
44789
55889
79999

11117
12227
22349
56779
79999

11117
12457
22469
56779
79999

11117
12347
22679
56779
79999

11117
13457
24469
56779
79999

11117
12347
25679
56779
79999

22247
33577
33679
56779
79999

23333
33347
34667
56779
79999

22447
33577
36779
56779
79999

33347
35677
45779
56779
79999

33347
45677
45779
56779
79999

12227
22277
46679
56779
79999

12347
23357
46679
56779
79999

11117
33347
46679
56779
79999

12347
33377
46679
56779
79999

12347
33457
46679
56779
79999

12227
33577
46679
56779
79999

23447
33457
55579
56779
79999

23333
33347
55667
56779
79999

11113
12347
22367
56999
79999

11117
12347
22369
56999
79999

11117
12347
22469
56999
79999

11117
11467
23669
56999
79999

11177
11677
23689
56999
79999

11117
13367
24469
56999
79999

11117
13337
24499
56999
79999

11117
13337
24799
56999
79999

11177
12277
25889
56999
79999

22247
33347
33569
56999
79999

22277
33377
33589
56999
79999

22277
33377
33889
56999
79999

11257
23357
44579
56999
79999

13337
33377
44579
56999
79999

12277
22777
44789
56999
79999

12377
22777
44789
56999
79999

11177
33377
44789
56999
79999

11257
33577
44789
56999
79999

33377
44777
44789
56999
79999

12227
22247
46679
56999
79999

12227
22277
46679
56999
79999

12227
23677
46679
56999
79999

12457
33457
46679
56999
79999

12227
36677
46679
56999
79999

12377
23677
46889
56999
79999

11257
33377
46889
56999
79999

12277
33377
46889
56999
79999

12377
33577
46889
56999
79999

12377
36677
46889
56999
79999

13457
45557
55579
56999
79999

23357
33377
55589
56999
79999

23357
33577
55889
56999
79999

23357
35677
55889
56999
79999

11117
11447
22469
57899
79999

11117
11467
22469
57899
79999

11113
12227
23677
57899
79999

11117
12227
23689
57899
79999

11177
12277
23689
57899
79999

11177
12377
23789
57899
79999

11117
14447
24469
57899
79999

11113
12227
24677
57899
79999

11117
12227
24889
57899
79999

11177
12277
24889
57899
79999

11177
12577
24889
57899
79999

11113
11117
25667
57899
79999

11177
11677
25889
57899
79999

11113
13337
26777
57899
79999

13337
33377
44579
57899
79999

11257
22367
44699
57899
79999

11177
22777
44789
57899
79999

11677
22777
44789
57899
79999

12277
25577
45589
57899
79999

11257
23357
46679
57899
79999

12377
22777
46889
57899
79999

11177
23677
46889
57899
79999

11677
23677
46889
57899
79999

11177
25577
46889
57899
79999

12277
25577
46889
57899
79999

11177
33577
46889
57899
79999

11177
35677
46889
57899
79999

11677
35677
46889
57899
79999

33377
44777
46889
57899
79999

12227
45557
55579
57899
79999

12457
45557
55579
57899
79999

11113
12227
22567
58889
79999

11117
12277
22679
58889
79999

11113
12377
22777
58889
79999

11113
11117
24677
58889
79999

11113
11177
24677
58889
79999

11117
12277
25679
58889
79999

11113
11177
26777
58889
79999

11113
12377
26777
58889
79999

22247
33347
36779
58889
79999

11113
22277
45677
58889
79999

11117
22567
46889
58889
79999

12227
33457
46889
58889
79999

11117
22567
48889
58889
79999

11467
25667
48889
58889
79999

23357
33457
55589
58889
79999

12457
45557
55589
58889
79999

22247
33347
56779
58889
79999

11113
11117
22367
59999
79999

11117
11467
22669
59999
79999

11117
11467
23669
59999
79999

11177
11677
23689
59999
79999

11177
13477
23689
59999
79999

11117
13337
24799
59999
79999

11117
11467
26669
59999
79999

22247
33347
33569
59999
79999

22277
33377
33589
59999
79999

22277
33377
33889
59999
79999

11257
23357
44579
59999
79999

11177
33377
44789
59999
79999

11257
33577
44789
59999
79999

33377
44777
44789
59999
79999

12347
33347
45569
59999
79999

12377
33377
45589
59999
79999

12457
33577
45589
59999
79999

12227
33457
45779
59999
79999

12227
33577
45779
59999
79999

12377
36677
46889
59999
79999

11257
23557
47779
59999
79999

11257
33457
47779
59999
79999

12377
23677
48889
59999
79999

12377
33577
48889
59999
79999

33377
35677
48889
59999
79999

33377
45677
48889
59999
79999

11257
23567
49999
59999
79999

22277
33377
55889
59999
79999

23357
33577
55889
59999
79999

23357
35677
58889
59999
79999

22247
22567
33589
66889
79999

22247
23567
33589
66889
79999

22247
22567
33889
66889
79999

22247
23567
33889
66889
79999

12227
33457
33889
66889
79999

22247
22567
34589
66889
79999

13337
33377
34589
66889
79999

11117
33377
36779
66889
79999

11117
13367
44789
66889
79999

11117
12227
45569
66889
79999

11117
12227
45589
66889
79999

11113
12277
45677
66889
79999

11117
12377
45779
66889
79999

11257
13457
46889
66889
79999

11117
13567
46889
66889
79999

11257
14557
46889
66889
79999

13367
33377
55579
66889
79999

13337
33377
55589
66889
79999

23357
33457
55589
66889
79999

13337
33377
55889
66889
79999

22247
33347
56779
66889
79999

11117
33377
56779
66889
79999

11113
33577
36677
67789
79999

11117
12457
44789
67789
79999

11117
11177
45779
67789
79999

11117
13577
46679
67789
79999

12227
33347
36779
68899
79999

12227
33377
36779
68899
79999

12457
33457
36779
68899
79999

12227
33457
36899
68899
79999

12377
33377
37889
68899
79999

11177
33577
37889
68899
79999

11257
33577
37889
68899
79999

12277
33577
37889
68899
79999

12577
33577
37889
68899
79999

11257
14557
44579
68899
79999

11177
11777
44789
68899
79999

11257
12577
45589
68899
79999

11113
12227
45677
68899
79999

11177
11677
46889
68899
79999

11117
12227
46889
68899
79999

11177
12277
46889
68899
79999

11177
12577
46889
68899
79999

11257
12577
46889
68899
79999

11177
12577
48889
68899
79999

11257
12577
48889
68899
79999

23357
33457
55579
68899
79999

13337
33457
55589
68899
79999

13457
33577
55589
68899
79999

13477
33577
55589
68899
79999

22277
25577
55889
68899
79999

23357
33377
55889
68899
79999

12457
35677
55889
68899
79999

12227
33347
56779
68899
79999

12227
33377
56779
68899
79999

12457
33457
56779
68899
79999

12227
33457
57899
68899
79999

23557
33577
58889
68899
79999

11177
35677
58889
68899
79999

11677
35677
58889
68899
79999

12457
35677
58889
68899
79999

11677
36677
58889
68899
79999

11113
12227
13577
77899
79999

11117
12227
13679
77899
79999

11113
11117
15667
77899
79999

12227
22367
22669
77899
79999

11113
22247
23567
77899
79999

11257
22567
23599
77899
79999

11117
22247
23669
77899
79999

11257
22567
23899
77899
79999

11117
22447
24469
77899
79999

11257
22367
24799
77899
79999

12227
22367
26669
77899
79999

11117
22447
33469
77899
79999

11117
22247
33569
77899
79999

11257
22567
33599
77899
79999

11117
22447
34469
77899
79999

11113
22247
34667
77899
79999

11257
23357
36779
77899
79999

11257
23567
36899
77899
79999

13337
33377
44579
77899
79999

11257
33577
46889
77899
79999

12227
25577
55579
77899
79999

12457
25577
55589
77899
79999

12457
35677
55889
77899
79999

11257
23357
56779
77899
79999

13457
33457
56779
77899
79999

13457
34457
56779
77899
79999

33457
34457
56779
77899
79999

11257
13477
66889
77899
79999

11257
13577
66889
77899
79999

23357
33377
66889
77899
79999

23557
33577
66889
77899
79999

23357
44777
66889
77899
79999

11113
12347
13367
77999
79999

11113
11467
15667
77999
79999

11117
12227
12569
78889
79999

11113
12277
12577
78889
79999

11117
12277
15679
78889
79999

11117
11257
16889
78889
79999

11117
22277
22679
78889
79999

11447
22567
25589
78889
79999

11467
22567
25589
78889
79999

11117
22277
25679
78889
79999

11117
22567
25889
78889
79999

11113
22277
35677
78889
79999

11257
23557
37889
78889
79999

11117
23567
37889
78889
79999

12227
33457
46889
78889
79999

13567
33577
55579
78889
79999

11447
22567
55589
78889
79999

11467
22567
55589
78889
79999

11117
22567
55889
78889
79999

13337
33377
55889
78889
79999

11117
22567
58889
78889
79999

11467
25667
58889
78889
79999

11117
11257
66889
78889
79999

11257
12457
66889
78889
79999

11447
11467
67789
78889
79999

